#nbCustomers
100
#nbParkings
1
#nbCentralDepots
1
#nbVehicles
10
#nbProducts
1
#parking info (nk ep lp)
10 0 1236
#central depot info(ed, ld, waittingTime, loadingTimeperUnit)
0 1236 0 0
#vehicle info(ek, lk, ck lower, ck upper, qk, costRate)
0 1236 0 200 1 1
0 1236 0 200 1 1
0 1236 0 200 1 1
0 1236 0 200 1 1
0 1236 0 200 1 1
0 1236 0 200 1 1
0 1236 0 200 1 1
0 1236 0 200 1 1
0 1236 0 200 1 1
0 1236 0 200 1 1
#weight of products (wp)
1
#customer demand (quantity, quantity, quantity,... nbProducts)
10
30
10
10
10
20
20
20
10
10
10
20
30
10
40
40
20
20
10
10
20
20
10
10
40
10
10
20
10
10
20
30
40
20
10
10
20
30
20
10
10
20
10
10
10
30
10
10
10
10
10
10
20
40
10
30
40
30
10
20
10
20
50
10
10
10
10
10
10
30
20
10
10
50
20
10
10
20
10
10
30
20
10
20
30
10
20
30
10
10
10
20
40
10
30
10
30
20
10
20
#customer info(ei, li, waittingTime, unloadingTimePerUnit)
912 967 90 0
825 870 90 0
65 146 90 0
727 782 90 0
15 67 90 0
621 702 90 0
170 225 90 0
255 324 90 0
534 605 90 0
357 410 90 0
448 505 90 0
652 721 90 0
30 92 90 0
567 620 90 0
384 429 90 0
475 528 90 0
99 148 90 0
179 254 90 0
278 345 90 0
10 73 90 0
914 965 90 0
812 883 90 0
732 777 90 0
65 144 90 0
169 224 90 0
622 701 90 0
261 316 90 0
546 593 90 0
358 405 90 0
449 504 90 0
200 237 90 0
31 100 90 0
87 158 90 0
751 816 90 0
283 344 90 0
665 716 90 0
383 434 90 0
479 522 90 0
567 624 90 0
264 321 90 0
166 235 90 0
68 149 90 0
16 80 90 0
359 412 90 0
541 600 90 0
448 509 90 0
1054 1127 90 0
632 693 90 0
1001 1066 90 0
815 880 90 0
725 786 90 0
912 969 90 0
286 347 90 0
186 257 90 0
95 158 90 0
385 436 90 0
35 87 90 0
471 534 90 0
651 740 90 0
562 629 90 0
531 610 90 0
262 317 90 0
171 218 90 0
632 693 90 0
76 129 90 0
826 875 90 0
12 77 90 0
734 777 90 0
916 969 90 0
387 456 90 0
293 360 90 0
450 505 90 0
478 551 90 0
353 412 90 0
997 1068 90 0
203 260 90 0
574 643 90 0
109 170 90 0
668 731 90 0
769 820 90 0
47 124 90 0
369 420 90 0
265 338 90 0
458 523 90 0
555 612 90 0
173 238 90 0
85 144 90 0
645 708 90 0
737 802 90 0
20 84 90 0
836 889 90 0
368 441 90 0
475 518 90 0
285 336 90 0
196 239 90 0
95 156 90 0
561 622 90 0
30 84 90 0
743 820 90 0
647 726 90 0
#vehicle - product (restrictly bkp) = 1: vh can carry
1
1
1
1
1
1
1
1
1
1
#vehicles - customer (restrictly rki) = 1: vh can go to cus
1 1 1 1 1 1 1 1 1 1 1 1 1 1 1 1 1 1 1 1 1 1 1 1 1 1 1 1 1 1 1 1 1 1 1 1 1 1 1 1 1 1 1 1 1 1 1 1 1 1 1 1 1 1 1 1 1 1 1 1 1 1 1 1 1 1 1 1 1 1 1 1 1 1 1 1 1 1 1 1 1 1 1 1 1 1 1 1 1 1 1 1 1 1 1 1 1 1 1 1
1 1 1 1 1 1 1 1 1 1 1 1 1 1 1 1 1 1 1 1 1 1 1 1 1 1 1 1 1 1 1 1 1 1 1 1 1 1 1 1 1 1 1 1 1 1 1 1 1 1 1 1 1 1 1 1 1 1 1 1 1 1 1 1 1 1 1 1 1 1 1 1 1 1 1 1 1 1 1 1 1 1 1 1 1 1 1 1 1 1 1 1 1 1 1 1 1 1 1 1
1 1 1 1 1 1 1 1 1 1 1 1 1 1 1 1 1 1 1 1 1 1 1 1 1 1 1 1 1 1 1 1 1 1 1 1 1 1 1 1 1 1 1 1 1 1 1 1 1 1 1 1 1 1 1 1 1 1 1 1 1 1 1 1 1 1 1 1 1 1 1 1 1 1 1 1 1 1 1 1 1 1 1 1 1 1 1 1 1 1 1 1 1 1 1 1 1 1 1 1
1 1 1 1 1 1 1 1 1 1 1 1 1 1 1 1 1 1 1 1 1 1 1 1 1 1 1 1 1 1 1 1 1 1 1 1 1 1 1 1 1 1 1 1 1 1 1 1 1 1 1 1 1 1 1 1 1 1 1 1 1 1 1 1 1 1 1 1 1 1 1 1 1 1 1 1 1 1 1 1 1 1 1 1 1 1 1 1 1 1 1 1 1 1 1 1 1 1 1 1
1 1 1 1 1 1 1 1 1 1 1 1 1 1 1 1 1 1 1 1 1 1 1 1 1 1 1 1 1 1 1 1 1 1 1 1 1 1 1 1 1 1 1 1 1 1 1 1 1 1 1 1 1 1 1 1 1 1 1 1 1 1 1 1 1 1 1 1 1 1 1 1 1 1 1 1 1 1 1 1 1 1 1 1 1 1 1 1 1 1 1 1 1 1 1 1 1 1 1 1
1 1 1 1 1 1 1 1 1 1 1 1 1 1 1 1 1 1 1 1 1 1 1 1 1 1 1 1 1 1 1 1 1 1 1 1 1 1 1 1 1 1 1 1 1 1 1 1 1 1 1 1 1 1 1 1 1 1 1 1 1 1 1 1 1 1 1 1 1 1 1 1 1 1 1 1 1 1 1 1 1 1 1 1 1 1 1 1 1 1 1 1 1 1 1 1 1 1 1 1
1 1 1 1 1 1 1 1 1 1 1 1 1 1 1 1 1 1 1 1 1 1 1 1 1 1 1 1 1 1 1 1 1 1 1 1 1 1 1 1 1 1 1 1 1 1 1 1 1 1 1 1 1 1 1 1 1 1 1 1 1 1 1 1 1 1 1 1 1 1 1 1 1 1 1 1 1 1 1 1 1 1 1 1 1 1 1 1 1 1 1 1 1 1 1 1 1 1 1 1
1 1 1 1 1 1 1 1 1 1 1 1 1 1 1 1 1 1 1 1 1 1 1 1 1 1 1 1 1 1 1 1 1 1 1 1 1 1 1 1 1 1 1 1 1 1 1 1 1 1 1 1 1 1 1 1 1 1 1 1 1 1 1 1 1 1 1 1 1 1 1 1 1 1 1 1 1 1 1 1 1 1 1 1 1 1 1 1 1 1 1 1 1 1 1 1 1 1 1 1
1 1 1 1 1 1 1 1 1 1 1 1 1 1 1 1 1 1 1 1 1 1 1 1 1 1 1 1 1 1 1 1 1 1 1 1 1 1 1 1 1 1 1 1 1 1 1 1 1 1 1 1 1 1 1 1 1 1 1 1 1 1 1 1 1 1 1 1 1 1 1 1 1 1 1 1 1 1 1 1 1 1 1 1 1 1 1 1 1 1 1 1 1 1 1 1 1 1 1 1
1 1 1 1 1 1 1 1 1 1 1 1 1 1 1 1 1 1 1 1 1 1 1 1 1 1 1 1 1 1 1 1 1 1 1 1 1 1 1 1 1 1 1 1 1 1 1 1 1 1 1 1 1 1 1 1 1 1 1 1 1 1 1 1 1 1 1 1 1 1 1 1 1 1 1 1 1 1 1 1 1 1 1 1 1 1 1 1 1 1 1 1 1 1 1 1 1 1 1 1
#vehicle - remain customers = 1: remain
0 0 0 0 0 0 0 0 0 0 0 0 0 0 0 0 0 0 0 0 0 0 0 0 0 0 0 0 0 0 0 0 0 0 0 0 0 0 0 0 0 0 0 0 0 0 0 0 0 0 0 0 0 0 0 0 0 0 0 0 0 0 0 0 0 0 0 0 0 0 0 0 0 0 0 0 0 0 0 0 0 0 0 0 0 0 0 0 0 0 0 0 0 0 0 0 0 0 0 0
0 0 0 0 0 0 0 0 0 0 0 0 0 0 0 0 0 0 0 0 0 0 0 0 0 0 0 0 0 0 0 0 0 0 0 0 0 0 0 0 0 0 0 0 0 0 0 0 0 0 0 0 0 0 0 0 0 0 0 0 0 0 0 0 0 0 0 0 0 0 0 0 0 0 0 0 0 0 0 0 0 0 0 0 0 0 0 0 0 0 0 0 0 0 0 0 0 0 0 0
0 0 0 0 0 0 0 0 0 0 0 0 0 0 0 0 0 0 0 0 0 0 0 0 0 0 0 0 0 0 0 0 0 0 0 0 0 0 0 0 0 0 0 0 0 0 0 0 0 0 0 0 0 0 0 0 0 0 0 0 0 0 0 0 0 0 0 0 0 0 0 0 0 0 0 0 0 0 0 0 0 0 0 0 0 0 0 0 0 0 0 0 0 0 0 0 0 0 0 0
0 0 0 0 0 0 0 0 0 0 0 0 0 0 0 0 0 0 0 0 0 0 0 0 0 0 0 0 0 0 0 0 0 0 0 0 0 0 0 0 0 0 0 0 0 0 0 0 0 0 0 0 0 0 0 0 0 0 0 0 0 0 0 0 0 0 0 0 0 0 0 0 0 0 0 0 0 0 0 0 0 0 0 0 0 0 0 0 0 0 0 0 0 0 0 0 0 0 0 0
0 0 0 0 0 0 0 0 0 0 0 0 0 0 0 0 0 0 0 0 0 0 0 0 0 0 0 0 0 0 0 0 0 0 0 0 0 0 0 0 0 0 0 0 0 0 0 0 0 0 0 0 0 0 0 0 0 0 0 0 0 0 0 0 0 0 0 0 0 0 0 0 0 0 0 0 0 0 0 0 0 0 0 0 0 0 0 0 0 0 0 0 0 0 0 0 0 0 0 0
0 0 0 0 0 0 0 0 0 0 0 0 0 0 0 0 0 0 0 0 0 0 0 0 0 0 0 0 0 0 0 0 0 0 0 0 0 0 0 0 0 0 0 0 0 0 0 0 0 0 0 0 0 0 0 0 0 0 0 0 0 0 0 0 0 0 0 0 0 0 0 0 0 0 0 0 0 0 0 0 0 0 0 0 0 0 0 0 0 0 0 0 0 0 0 0 0 0 0 0
0 0 0 0 0 0 0 0 0 0 0 0 0 0 0 0 0 0 0 0 0 0 0 0 0 0 0 0 0 0 0 0 0 0 0 0 0 0 0 0 0 0 0 0 0 0 0 0 0 0 0 0 0 0 0 0 0 0 0 0 0 0 0 0 0 0 0 0 0 0 0 0 0 0 0 0 0 0 0 0 0 0 0 0 0 0 0 0 0 0 0 0 0 0 0 0 0 0 0 0
0 0 0 0 0 0 0 0 0 0 0 0 0 0 0 0 0 0 0 0 0 0 0 0 0 0 0 0 0 0 0 0 0 0 0 0 0 0 0 0 0 0 0 0 0 0 0 0 0 0 0 0 0 0 0 0 0 0 0 0 0 0 0 0 0 0 0 0 0 0 0 0 0 0 0 0 0 0 0 0 0 0 0 0 0 0 0 0 0 0 0 0 0 0 0 0 0 0 0 0
0 0 0 0 0 0 0 0 0 0 0 0 0 0 0 0 0 0 0 0 0 0 0 0 0 0 0 0 0 0 0 0 0 0 0 0 0 0 0 0 0 0 0 0 0 0 0 0 0 0 0 0 0 0 0 0 0 0 0 0 0 0 0 0 0 0 0 0 0 0 0 0 0 0 0 0 0 0 0 0 0 0 0 0 0 0 0 0 0 0 0 0 0 0 0 0 0 0 0 0
0 0 0 0 0 0 0 0 0 0 0 0 0 0 0 0 0 0 0 0 0 0 0 0 0 0 0 0 0 0 0 0 0 0 0 0 0 0 0 0 0 0 0 0 0 0 0 0 0 0 0 0 0 0 0 0 0 0 0 0 0 0 0 0 0 0 0 0 0 0 0 0 0 0 0 0 0 0 0 0 0 0 0 0 0 0 0 0 0 0 0 0 0 0 0 0 0 0 0 0
#travel time matrix:[from to travelTime]
10404
0 0 0.0
0 1 0.0
0 2 18.6
0 3 20.6
0 4 16.1
0 5 18.1
0 6 15.1
0 7 19.0
0 8 16.0
0 9 18.1
0 10 20.0
0 11 16.7
0 12 19.6
0 13 38.0
0 14 30.8
0 15 39.3
0 16 36.0
0 17 40.3
0 18 33.3
0 19 35.3
0 20 39.0
0 21 10.0
0 22 10.1
0 23 12.1
0 24 13.0
0 25 15.0
0 26 15.1
0 27 15.8
0 28 17.1
0 29 17.7
0 30 20.0
0 31 20.6
0 32 33.5
0 33 31.6
0 34 33.5
0 35 32.3
0 36 38.0
0 37 35.3
0 38 39.2
0 39 41.2
0 40 40.3
0 41 20.6
0 42 18.6
0 43 19.3
0 44 16.5
0 45 21.5
0 46 22.3
0 47 20.5
0 48 18.0
0 49 23.3
0 50 19.2
0 51 22.8
0 52 25.0
0 53 21.2
0 54 45.1
0 55 40.0
0 56 35.0
0 57 45.0
0 58 35.0
0 59 45.0
0 60 35.0
0 61 45.2
0 62 22.3
0 63 18.0
0 64 14.1
0 65 21.5
0 66 12.8
0 67 16.5
0 68 12.2
0 69 20.6
0 70 15.8
0 71 58.5
0 72 57.0
0 73 23.8
0 74 55.7
0 75 19.8
0 76 15.8
0 77 52.2
0 78 52.0
0 79 50.2
0 80 51.0
0 81 51.4
0 82 47.4
0 83 35.3
0 84 32.3
0 85 31.0
0 86 29.7
0 87 26.4
0 88 25.4
0 89 26.9
0 90 24.3
0 91 20.6
0 92 22.3
0 93 44.2
0 94 43.0
0 95 40.6
0 96 37.2
0 97 36.0
0 98 40.3
0 99 30.8
0 100 33.5
0 101 38.0
1 0 0.0
1 1 0.0
1 2 18.6
1 3 20.6
1 4 16.1
1 5 18.1
1 6 15.1
1 7 19.0
1 8 16.0
1 9 18.1
1 10 20.0
1 11 16.7
1 12 19.6
1 13 38.0
1 14 30.8
1 15 39.3
1 16 36.0
1 17 40.3
1 18 33.3
1 19 35.3
1 20 39.0
1 21 10.0
1 22 10.1
1 23 12.1
1 24 13.0
1 25 15.0
1 26 15.1
1 27 15.8
1 28 17.1
1 29 17.7
1 30 20.0
1 31 20.6
1 32 33.5
1 33 31.6
1 34 33.5
1 35 32.3
1 36 38.0
1 37 35.3
1 38 39.2
1 39 41.2
1 40 40.3
1 41 20.6
1 42 18.6
1 43 19.3
1 44 16.5
1 45 21.5
1 46 22.3
1 47 20.5
1 48 18.0
1 49 23.3
1 50 19.2
1 51 22.8
1 52 25.0
1 53 21.2
1 54 45.1
1 55 40.0
1 56 35.0
1 57 45.0
1 58 35.0
1 59 45.0
1 60 35.0
1 61 45.2
1 62 22.3
1 63 18.0
1 64 14.1
1 65 21.5
1 66 12.8
1 67 16.5
1 68 12.2
1 69 20.6
1 70 15.8
1 71 58.5
1 72 57.0
1 73 23.8
1 74 55.7
1 75 19.8
1 76 15.8
1 77 52.2
1 78 52.0
1 79 50.2
1 80 51.0
1 81 51.4
1 82 47.4
1 83 35.3
1 84 32.3
1 85 31.0
1 86 29.7
1 87 26.4
1 88 25.4
1 89 26.9
1 90 24.3
1 91 20.6
1 92 22.3
1 93 44.2
1 94 43.0
1 95 40.6
1 96 37.2
1 97 36.0
1 98 40.3
1 99 30.8
1 100 33.5
1 101 38.0
2 0 18.6
2 1 18.6
2 2 0.0
2 3 2.0
2 4 3.6
2 5 3.0
2 6 4.2
2 7 5.0
2 8 5.3
2 9 7.0
2 10 7.2
2 11 10.1
2 12 10.0
2 13 26.2
2 14 24.0
2 15 28.6
2 16 27.7
2 17 30.2
2 18 27.8
2 19 30.8
2 20 32.3
2 21 23.4
2 22 21.9
2 23 23.3
2 24 21.4
2 25 26.9
2 26 25.6
2 27 23.8
2 28 27.2
2 29 25.5
2 30 30.8
2 31 28.1
2 32 48.1
2 33 44.8
2 34 46.4
2 35 43.5
2 36 51.8
2 37 46.1
2 38 51.3
2 39 53.0
2 40 50.5
2 41 39.2
2 42 37.3
2 43 37.9
2 44 35.1
2 45 40.1
2 46 40.8
2 47 39.0
2 48 36.2
2 49 41.6
2 50 37.1
2 51 40.7
2 52 42.9
2 53 38.5
2 54 63.0
2 55 58.0
2 56 53.0
2 57 63.1
2 58 53.2
2 59 63.3
2 60 53.4
2 61 63.7
2 62 38.3
2 63 33.3
2 64 28.4
2 65 38.1
2 66 28.1
2 67 33.0
2 68 28.0
2 69 38.0
2 70 33.0
2 71 62.8
2 72 59.9
2 73 38.8
2 74 60.4
2 75 33.9
2 76 3.0
2 77 55.8
2 78 57.3
2 79 54.2
2 80 56.6
2 81 58.7
2 82 51.8
2 83 32.6
2 84 29.9
2 85 26.9
2 86 24.3
2 87 24.6
2 88 23.8
2 89 21.5
2 90 20.5
2 91 19.8
2 92 17.0
2 93 27.8
2 94 26.2
2 95 24.4
2 96 20.8
2 97 19.2
2 98 22.6
2 99 14.7
2 100 15.6
2 101 19.7
3 0 20.6
3 1 20.6
3 2 2.0
3 3 0.0
3 4 5.0
3 5 3.6
3 6 5.8
3 7 5.0
3 8 6.4
3 9 7.2
3 10 7.0
3 11 10.7
3 12 10.0
3 13 25.0
3 14 23.5
3 15 27.4
3 16 26.9
3 17 29.1
3 18 27.4
3 19 30.4
3 20 31.6
3 21 25.0
3 22 23.4
3 23 24.7
3 24 22.6
3 25 28.2
3 26 26.9
3 27 25.0
3 28 28.4
3 29 26.6
3 30 32.0
3 31 29.1
3 32 49.4
3 33 46.0
3 34 47.6
3 35 44.6
3 36 53.1
3 37 47.1
3 38 52.4
3 39 54.0
3 40 51.4
3 41 41.2
3 42 39.2
3 43 39.8
3 44 37.0
3 45 42.0
3 46 42.7
3 47 40.8
3 48 38.0
3 49 43.4
3 50 38.9
3 51 42.4
3 52 44.7
3 53 40.3
3 54 65.0
3 55 60.0
3 56 55.0
3 57 65.1
3 58 55.2
3 59 65.3
3 60 55.4
3 61 65.7
3 62 40.3
3 63 35.3
3 64 30.4
3 65 40.1
3 66 30.1
3 67 35.0
3 68 30.0
3 69 40.0
3 70 35.0
3 71 64.0
3 72 61.0
3 73 40.7
3 74 61.7
3 75 35.9
3 76 5.0
3 77 57.0
3 78 58.7
3 79 55.4
3 80 58.0
3 81 60.2
3 82 53.1
3 83 33.5
3 84 30.8
3 85 27.7
3 86 25.0
3 87 25.8
3 88 25.0
3 89 22.3
3 90 21.6
3 91 21.2
3 92 18.0
3 93 26.6
3 94 25.0
3 95 23.3
3 96 19.7
3 97 18.0
3 98 21.2
3 99 13.9
3 100 14.1
3 101 18.0
4 0 16.1
4 1 16.1
4 2 3.6
4 3 5.0
4 4 0.0
4 5 2.0
4 6 1.0
4 7 3.6
4 8 2.0
4 9 4.4
4 10 5.6
4 11 7.0
4 12 7.6
4 13 25.4
4 14 21.9
4 15 27.5
4 16 26.0
4 17 29.0
4 18 25.6
4 19 28.4
4 20 30.4
4 21 20.0
4 22 18.4
4 23 19.7
4 24 17.8
4 25 23.3
4 26 22.0
4 27 20.2
4 28 23.6
4 29 21.9
4 30 27.2
4 31 24.5
4 32 44.5
4 33 41.2
4 34 42.8
4 35 39.9
4 36 48.2
4 37 42.5
4 38 47.7
4 39 49.3
4 40 46.9
4 41 36.6
4 42 34.7
4 43 35.1
4 44 32.2
4 45 37.3
4 46 37.9
4 47 36.0
4 48 33.2
4 49 38.6
4 50 34.0
4 51 37.5
4 52 39.8
4 53 35.3
4 54 61.0
4 55 56.0
4 56 51.0
4 57 61.0
4 58 51.0
4 59 61.1
4 60 51.1
4 61 61.4
4 62 36.8
4 63 32.0
4 64 27.2
4 65 36.4
4 66 26.6
4 67 31.4
4 68 26.4
4 69 36.1
4 70 31.1
4 71 64.0
4 72 61.4
4 73 37.6
4 74 61.6
4 75 32.8
4 76 3.1
4 77 57.1
4 78 58.4
4 79 55.4
4 80 57.6
4 81 59.4
4 82 53.0
4 83 34.7
4 84 31.9
4 85 29.1
4 86 26.6
4 87 26.4
4 88 25.4
4 89 23.7
4 90 22.4
4 91 21.0
4 92 18.9
4 93 31.4
4 94 29.8
4 95 28.0
4 96 24.4
4 97 22.8
4 98 26.1
4 99 18.3
4 100 19.1
4 101 23.0
5 0 18.1
5 1 18.1
5 2 3.0
5 3 3.6
5 4 2.0
5 5 0.0
5 6 3.0
5 7 2.2
5 8 2.8
5 9 4.0
5 10 4.4
5 11 7.2
5 12 7.0
5 13 24.0
5 14 21.1
5 15 26.2
5 16 25.0
5 17 27.8
5 18 25.0
5 19 27.8
5 20 29.5
5 21 21.6
5 22 20.0
5 23 21.2
5 24 19.1
5 25 24.7
5 26 23.3
5 27 21.4
5 28 24.8
5 29 23.0
5 30 28.4
5 31 25.5
5 32 45.9
5 33 42.5
5 34 44.0
5 35 41.0
5 36 49.5
5 37 43.5
5 38 48.8
5 39 50.4
5 40 47.8
5 41 38.6
5 42 36.6
5 43 37.1
5 44 34.2
5 45 39.2
5 46 39.8
5 47 37.9
5 48 35.1
5 49 40.4
5 50 35.8
5 51 39.3
5 52 41.6
5 53 37.1
5 54 63.0
5 55 58.0
5 56 53.0
5 57 63.0
5 58 53.0
5 59 63.1
5 60 53.1
5 61 63.3
5 62 38.8
5 63 33.9
5 64 29.1
5 65 38.4
5 66 28.6
5 67 33.3
5 68 28.4
5 69 38.1
5 70 33.1
5 71 65.2
5 72 62.4
5 73 39.5
5 74 62.8
5 75 34.7
5 76 4.2
5 77 58.2
5 78 59.6
5 79 56.6
5 80 58.8
5 81 60.8
5 82 54.2
5 83 35.4
5 84 32.6
5 85 29.7
5 86 27.2
5 87 27.2
5 88 26.4
5 89 24.3
5 90 23.2
5 91 22.2
5 92 19.6
5 93 30.2
5 94 28.6
5 95 26.9
5 96 23.3
5 97 21.6
5 98 24.7
5 99 17.4
5 100 17.6
5 101 21.4
6 0 15.1
6 1 15.1
6 2 4.2
6 3 5.8
6 4 1.0
6 5 3.0
6 6 0.0
6 7 4.4
6 8 2.2
6 9 5.0
6 10 6.4
6 11 7.0
6 12 8.0
6 13 26.2
6 14 22.3
6 15 28.2
6 16 26.6
6 17 29.7
6 18 26.0
6 19 28.7
6 20 30.8
6 21 19.2
6 22 17.6
6 23 19.1
6 24 17.2
6 25 22.6
6 26 21.4
6 27 19.7
6 28 23.0
6 29 21.4
6 30 26.6
6 31 24.1
6 32 43.8
6 33 40.6
6 34 42.2
6 35 39.4
6 36 47.6
6 37 42.0
6 38 47.1
6 39 48.8
6 40 46.5
6 41 35.6
6 42 33.7
6 43 34.2
6 44 31.3
6 45 36.4
6 46 37.0
6 47 35.1
6 48 32.3
6 49 37.6
6 50 33.1
6 51 36.6
6 52 38.9
6 53 34.4
6 54 60.0
6 55 55.0
6 56 50.0
6 57 60.0
6 58 50.0
6 59 60.1
6 60 50.1
6 61 60.4
6 62 35.9
6 63 31.0
6 64 26.2
6 65 35.5
6 66 25.7
6 67 30.4
6 68 25.4
6 69 35.1
6 70 30.1
6 71 63.5
6 72 60.9
6 73 36.6
6 74 61.0
6 75 31.9
6 76 3.0
6 77 56.6
6 78 57.8
6 79 54.9
6 80 57.0
6 81 58.7
6 82 52.4
6 83 34.4
6 84 31.6
6 85 28.8
6 86 26.4
6 87 26.0
6 88 25.0
6 89 23.5
6 90 22.1
6 91 20.5
6 92 18.6
6 93 32.0
6 94 30.4
6 95 28.6
6 96 25.0
6 97 23.4
6 98 26.9
6 99 18.8
6 100 19.8
6 101 23.8
7 0 19.0
7 1 19.0
7 2 5.0
7 3 5.0
7 4 3.6
7 5 2.2
7 6 4.4
7 7 0.0
7 8 3.0
7 9 2.2
7 10 2.2
7 11 5.8
7 12 5.0
7 13 21.9
7 14 18.9
7 15 24.0
7 16 22.8
7 17 25.6
7 18 22.8
7 19 25.7
7 20 27.3
7 21 21.4
7 22 19.7
7 23 20.8
7 24 18.4
7 25 24.2
7 26 22.6
7 27 20.5
7 28 24.0
7 29 22.0
7 30 27.5
7 31 24.4
7 32 45.3
7 33 41.7
7 34 43.1
7 35 40.0
7 36 48.7
7 37 42.4
7 38 47.8
7 39 49.4
7 40 46.6
7 41 39.3
7 42 37.3
7 43 37.6
7 44 34.7
7 45 39.8
7 46 40.2
7 47 38.3
7 48 35.4
7 49 40.8
7 50 36.0
7 51 39.5
7 52 41.7
7 53 37.1
7 54 64.1
7 55 59.0
7 56 54.0
7 57 64.0
7 58 54.0
7 59 64.0
7 60 54.0
7 61 64.1
7 62 40.2
7 63 35.4
7 64 30.6
7 65 39.8
7 66 30.0
7 67 34.7
7 68 29.8
7 69 39.3
7 70 34.3
7 71 67.4
7 72 64.6
7 73 41.1
7 74 65.0
7 75 36.4
7 76 6.4
7 77 60.4
7 78 61.8
7 79 58.8
7 80 61.0
7 81 62.9
7 82 56.4
7 83 37.6
7 84 34.9
7 85 31.9
7 86 29.4
7 87 29.5
7 88 28.6
7 89 26.5
7 90 25.4
7 91 24.4
7 92 21.9
7 93 31.3
7 94 29.6
7 95 28.1
7 96 24.5
7 97 22.8
7 98 25.6
7 99 18.9
7 100 18.6
7 101 21.9
8 0 16.0
8 1 16.0
8 2 5.3
8 3 6.4
8 4 2.0
8 5 2.8
8 6 2.2
8 7 3.0
8 8 0.0
8 9 2.8
8 10 4.4
8 11 5.0
8 12 5.8
8 13 24.2
8 14 20.1
8 15 26.1
8 16 24.4
8 17 27.5
8 18 23.7
8 19 26.5
8 20 28.6
8 21 18.8
8 22 17.2
8 23 18.4
8 24 16.2
8 25 21.9
8 26 20.5
8 27 18.6
8 28 22.0
8 29 20.2
8 30 25.6
8 31 22.8
8 32 43.1
8 33 39.6
8 34 41.2
8 35 38.2
8 36 46.7
8 37 40.8
8 38 46.0
8 39 47.7
8 40 45.1
8 41 36.3
8 42 34.3
8 43 34.7
8 44 31.7
8 45 36.8
8 46 37.3
8 47 35.4
8 48 32.5
8 49 37.9
8 50 33.2
8 51 36.7
8 52 39.0
8 53 34.4
8 54 61.1
8 55 56.0
8 56 51.0
8 57 61.0
8 58 51.0
8 59 61.0
8 60 51.0
8 61 61.2
8 62 37.3
8 63 32.5
8 64 27.8
8 65 36.8
8 66 27.2
8 67 31.7
8 68 26.9
8 69 36.3
8 70 31.4
8 71 65.7
8 72 63.1
8 73 38.2
8 74 63.2
8 75 33.6
8 76 5.0
8 77 58.8
8 78 60.0
8 79 57.1
8 80 59.2
8 81 60.8
8 82 54.6
8 83 36.6
8 84 33.8
8 85 31.0
8 86 28.6
8 87 28.2
8 88 27.3
8 89 25.7
8 90 24.3
8 91 22.8
8 92 20.8
8 93 33.0
8 94 31.4
8 95 29.6
8 96 26.0
8 97 24.4
8 98 27.5
8 99 20.1
8 100 20.5
8 101 24.2
9 0 18.1
9 1 18.1
9 2 7.0
9 3 7.2
9 4 4.4
9 5 4.0
9 6 5.0
9 7 2.2
9 8 2.8
9 9 0.0
9 10 2.0
9 11 3.6
9 12 3.1
9 13 21.4
9 14 17.4
9 15 23.3
9 16 21.6
9 17 24.7
9 18 21.1
9 19 24.0
9 20 25.9
9 21 19.6
9 22 17.8
9 23 18.8
9 24 16.4
9 25 22.2
9 26 20.6
9 27 18.3
9 28 21.9
9 29 19.8
9 30 25.4
9 31 22.2
9 32 43.2
9 33 39.5
9 34 41.0
9 35 37.8
9 36 46.6
9 37 40.2
9 38 45.6
9 39 47.2
9 40 44.4
9 41 38.1
9 42 36.1
9 43 36.3
9 44 33.3
9 45 38.4
9 46 38.8
9 47 36.8
9 48 33.9
9 49 39.2
9 50 34.4
9 51 37.9
9 52 40.1
9 53 35.4
9 54 63.2
9 55 58.1
9 56 53.1
9 57 63.0
9 58 53.0
9 59 63.0
9 60 53.0
9 61 63.0
9 62 39.8
9 63 35.1
9 64 30.4
9 65 39.2
9 66 29.7
9 67 34.2
9 68 29.4
9 69 38.6
9 70 33.7
9 71 68.5
9 72 65.8
9 73 40.8
9 74 66.0
9 75 36.2
9 76 7.6
9 77 61.5
9 78 62.8
9 79 59.9
9 80 62.0
9 81 63.7
9 82 57.4
9 83 39.2
9 84 36.4
9 85 33.5
9 86 31.0
9 87 30.8
9 88 29.9
9 89 28.1
9 90 26.9
9 91 25.5
9 92 23.4
9 93 33.6
9 94 31.9
9 95 30.4
9 96 26.8
9 97 25.0
9 98 27.8
9 99 21.1
9 100 20.8
9 101 24.0
10 0 20.0
10 1 20.0
10 2 7.2
10 3 7.0
10 4 5.6
10 5 4.4
10 6 6.4
10 7 2.2
10 8 4.4
10 9 2.0
10 10 0.0
10 11 5.0
10 12 3.1
10 13 19.8
10 14 16.7
10 15 21.9
10 16 20.5
10 17 23.4
10 18 20.6
10 19 23.5
10 20 25.0
10 21 21.5
10 22 19.6
10 23 20.5
10 24 18.0
10 25 23.8
10 26 22.2
10 27 19.8
10 28 23.4
10 29 21.2
10 30 26.9
10 31 23.4
10 32 44.8
10 33 41.0
10 34 42.4
10 35 39.0
10 36 48.1
10 37 41.4
10 38 46.8
10 39 48.4
10 40 45.4
10 41 40.1
10 42 38.1
10 43 38.3
10 44 35.3
10 45 40.4
10 46 40.7
10 47 38.8
10 48 35.9
10 49 41.2
10 50 36.4
10 51 39.8
10 52 42.0
10 53 37.3
10 54 65.2
10 55 60.1
10 56 55.1
10 57 65.0
10 58 55.0
10 59 65.0
10 60 55.0
10 61 65.0
10 62 41.7
10 63 37.0
10 64 32.3
10 65 41.2
10 66 31.6
10 67 36.1
10 68 31.3
10 69 40.6
10 70 35.6
10 71 69.6
10 72 66.8
10 73 42.7
10 74 67.2
10 75 38.0
10 76 8.6
10 77 62.6
10 78 64.0
10 79 61.0
10 80 63.2
10 81 65.0
10 82 58.6
10 83 39.9
10 84 37.1
10 85 34.1
10 86 31.6
10 87 31.7
10 88 30.8
10 89 28.7
10 90 27.7
10 91 26.6
10 92 24.1
10 93 32.6
10 94 30.8
10 95 29.5
10 96 26.0
10 97 24.1
10 98 26.6
10 99 20.6
10 100 19.7
10 101 22.6
11 0 16.7
11 1 16.7
11 2 10.1
11 3 10.7
11 4 7.0
11 5 7.2
11 6 7.0
11 7 5.8
11 8 5.0
11 9 3.6
11 10 5.0
11 11 0.0
11 12 3.0
11 13 21.4
11 14 15.8
11 15 23.0
11 16 20.5
11 17 24.2
11 18 19.2
11 19 21.9
11 20 24.4
11 21 16.7
11 22 14.8
11 23 15.6
11 24 13.0
11 25 18.8
11 26 17.2
11 27 14.8
11 28 18.4
11 29 16.2
11 30 21.9
11 31 18.6
11 32 39.8
11 33 36.0
11 34 37.4
11 35 34.2
11 36 43.1
11 37 36.6
11 38 42.0
11 39 43.6
11 40 40.8
11 41 36.0
11 42 34.0
11 43 34.0
11 44 31.0
11 45 36.1
11 46 36.3
11 47 34.3
11 48 31.4
11 49 36.6
11 50 31.7
11 51 35.1
11 52 37.3
11 53 32.5
11 54 61.6
11 55 56.4
11 56 51.4
11 57 61.2
11 58 51.2
11 59 61.0
11 60 51.0
11 61 61.0
11 62 39.0
11 63 34.4
11 64 30.0
11 65 38.2
11 66 29.0
11 67 33.2
11 68 28.6
11 69 37.3
11 70 32.5
11 71 69.9
11 72 67.5
11 73 40.2
11 74 67.4
11 75 35.8
11 76 10.0
11 77 63.1
11 78 64.0
11 79 61.4
11 80 63.2
11 81 64.6
11 82 58.8
11 83 41.4
11 84 38.6
11 85 35.9
11 86 33.5
11 87 32.8
11 88 31.9
11 89 30.5
11 90 29.1
11 91 27.3
11 92 25.7
11 93 37.2
11 94 35.5
11 95 34.0
11 96 30.4
11 97 28.6
11 98 31.4
11 99 24.6
11 100 24.4
11 101 27.5
12 0 19.6
12 1 19.6
12 2 10.0
12 3 10.0
12 4 7.6
12 5 7.0
12 6 8.0
12 7 5.0
12 8 5.8
12 9 3.1
12 10 3.1
12 11 3.0
12 12 0.0
12 13 18.8
12 14 14.3
12 15 20.6
12 16 18.6
12 17 21.9
12 18 18.0
12 19 20.8
12 20 22.8
12 21 19.6
12 22 17.7
12 23 18.3
12 24 15.6
12 25 21.4
12 26 19.7
12 27 17.2
12 28 20.8
12 29 18.4
12 30 24.2
12 31 20.5
12 32 42.2
12 33 38.2
12 34 39.6
12 35 36.1
12 36 45.3
12 37 38.4
12 38 43.9
12 39 45.4
12 40 42.4
12 41 39.0
12 42 37.0
12 43 37.0
12 44 34.0
12 45 39.1
12 46 39.3
12 47 37.3
12 48 34.3
12 49 39.6
12 50 34.7
12 51 38.0
12 52 40.2
12 53 35.4
12 54 64.6
12 55 59.4
12 56 54.4
12 57 64.1
12 58 54.2
12 59 64.0
12 60 54.0
12 61 64.0
12 62 41.7
12 63 37.1
12 64 32.6
12 65 41.1
12 66 31.7
12 67 36.0
12 68 31.3
12 69 40.2
12 70 35.4
12 71 71.5
12 72 68.9
12 73 42.9
12 74 69.0
12 75 38.4
12 76 10.7
12 77 64.6
12 78 65.8
12 79 62.9
12 80 65.0
12 81 66.6
12 82 60.4
12 83 42.3
12 84 39.5
12 85 36.6
12 86 34.2
12 87 34.0
12 88 33.1
12 89 31.3
12 90 30.0
12 91 28.6
12 92 26.5
12 93 35.7
12 94 34.0
12 95 32.6
12 96 29.1
12 97 27.3
12 98 29.6
12 99 23.7
12 100 22.8
12 101 25.6
13 0 38.0
13 1 38.0
13 2 26.2
13 3 25.0
13 4 25.4
13 5 24.0
13 6 26.2
13 7 21.9
13 8 24.2
13 9 21.4
13 10 19.8
13 11 21.4
13 12 18.8
13 13 0.0
13 14 10.4
13 15 3.0
13 16 7.0
13 17 5.0
13 18 12.2
13 19 14.1
13 20 11.1
13 21 35.3
13 22 33.3
13 23 33.1
13 24 30.1
13 25 35.0
13 26 33.0
13 27 30.0
13 28 33.0
13 29 30.0
13 30 35.3
13 31 30.4
13 32 52.2
13 33 47.4
13 34 48.1
13 35 43.4
13 36 53.8
13 37 44.7
13 38 50.5
13 39 51.4
13 40 47.1
13 41 55.9
13 42 53.9
13 43 53.6
13 44 50.6
13 45 55.4
13 46 55.2
13 47 53.2
13 48 50.2
13 49 55.0
13 50 50.0
13 51 53.0
13 52 55.0
13 53 50.0
13 54 82.2
13 55 76.9
13 56 72.0
13 57 81.3
13 58 71.5
13 59 81.0
13 60 71.1
13 61 80.6
13 62 60.4
13 63 55.9
13 64 51.4
13 65 59.6
13 66 50.5
13 67 54.6
13 68 50.0
13 69 58.5
13 70 53.8
13 71 89.0
13 72 86.0
13 73 61.7
13 74 86.6
13 75 57.3
13 76 28.2
13 77 82.0
13 78 83.6
13 79 80.4
13 80 82.8
13 81 84.8
13 82 78.1
13 83 58.3
13 84 55.7
13 85 52.4
13 86 49.7
13 87 50.8
13 88 50.0
13 89 47.1
13 90 46.6
13 91 46.0
13 92 43.0
13 93 42.0
13 94 40.0
13 95 40.1
13 96 37.3
13 97 35.3
13 98 35.0
13 99 34.4
13 100 30.4
13 101 30.0
14 0 30.8
14 1 30.8
14 2 24.0
14 3 23.5
14 4 21.9
14 5 21.1
14 6 22.3
14 7 18.9
14 8 20.1
14 9 17.4
14 10 16.7
14 11 15.8
14 12 14.3
14 13 10.4
14 14 0.0
14 15 10.0
14 16 5.3
14 17 10.1
14 18 4.0
14 19 7.0
14 20 8.6
14 21 26.2
14 22 24.3
14 23 23.7
14 24 20.8
14 25 25.1
14 26 23.1
14 27 20.2
14 28 23.0
14 29 20.0
14 30 25.0
14 31 20.0
14 32 41.7
14 33 37.0
14 34 37.6
14 35 33.1
14 36 43.4
14 37 34.4
14 38 40.3
14 39 41.3
14 40 37.2
14 41 46.8
14 42 44.9
14 43 44.3
14 44 41.4
14 45 46.0
14 46 45.7
14 47 43.7
14 48 40.7
14 49 45.3
14 50 40.4
14 51 43.1
14 52 45.0
14 53 40.1
14 54 73.3
14 55 68.0
14 56 63.2
14 57 72.2
14 58 62.6
14 59 71.8
14 60 62.0
14 61 71.1
14 62 53.0
14 63 48.8
14 64 44.8
14 65 51.9
14 66 43.6
14 67 47.1
14 68 43.0
14 69 50.5
14 70 46.1
14 71 85.7
14 72 83.2
14 73 54.6
14 74 83.2
14 75 50.6
14 76 25.0
14 77 78.8
14 78 79.8
14 79 77.1
14 80 79.0
14 81 80.4
14 82 74.6
14 83 56.6
14 84 53.8
14 85 50.9
14 86 48.3
14 87 48.3
14 88 47.4
14 89 45.5
14 90 44.3
14 91 42.9
14 92 40.8
14 93 46.0
14 94 44.1
14 95 43.5
14 96 40.3
14 97 38.3
14 98 39.2
14 99 36.0
14 100 33.3
14 101 34.4
15 0 39.3
15 1 39.3
15 2 28.6
15 3 27.4
15 4 27.5
15 5 26.2
15 6 28.2
15 7 24.0
15 8 26.1
15 9 23.3
15 10 21.9
15 11 23.0
15 12 20.6
15 13 3.0
15 14 10.0
15 15 0.0
15 16 5.3
15 17 2.0
15 18 10.7
15 19 12.2
15 20 8.6
15 21 35.9
15 22 33.9
15 23 33.5
15 24 30.5
15 25 35.1
15 26 33.1
15 27 30.1
15 28 33.0
15 29 30.0
15 30 35.0
15 31 30.0
15 32 51.4
15 33 46.5
15 34 47.1
15 35 42.3
15 36 52.8
15 37 43.4
15 38 49.2
15 39 50.0
15 40 45.6
15 41 56.5
15 42 54.5
15 43 54.1
15 44 51.1
15 45 55.9
15 46 55.5
15 47 53.6
15 48 50.6
15 49 55.3
15 50 50.3
15 51 53.1
15 52 55.0
15 53 50.0
15 54 82.9
15 55 77.6
15 56 72.8
15 57 82.0
15 58 72.2
15 59 81.5
15 60 71.8
15 61 81.0
15 62 61.7
15 63 57.3
15 64 53.0
15 65 60.8
15 66 51.9
15 67 55.9
15 68 51.4
15 69 59.6
15 70 55.0
15 71 91.4
15 72 88.4
15 73 63.1
15 74 89.0
15 75 58.8
15 76 30.4
15 77 84.4
15 78 85.9
15 79 82.8
15 80 85.1
15 81 87.0
15 82 80.4
15 83 60.9
15 84 58.3
15 85 55.0
15 86 52.3
15 87 53.2
15 88 52.4
15 89 49.7
15 90 49.0
15 91 48.4
15 92 45.4
15 93 45.0
15 94 43.0
15 95 43.1
15 96 40.3
15 97 38.3
15 98 38.0
15 99 37.3
15 100 33.3
15 101 33.0
16 0 36.0
16 1 36.0
16 2 27.7
16 3 26.9
16 4 26.0
16 5 25.0
16 6 26.6
16 7 22.8
16 8 24.4
16 9 21.6
16 10 20.5
16 11 20.5
16 12 18.6
16 13 7.0
16 14 5.3
16 15 5.3
16 16 0.0
16 17 5.0
16 18 5.3
16 19 7.0
16 20 5.0
16 21 31.6
16 22 29.7
16 23 29.1
16 24 26.2
16 25 30.4
16 26 28.4
16 27 25.4
16 28 28.1
16 29 25.1
16 30 30.0
16 31 25.0
16 32 46.0
16 33 41.2
16 34 41.7
16 35 37.0
16 36 47.4
16 37 38.0
16 38 43.8
16 39 44.7
16 40 40.3
16 41 52.2
16 42 50.2
16 43 49.7
16 44 46.8
16 45 51.4
16 46 50.9
16 47 49.0
16 48 46.0
16 49 50.6
16 50 45.7
16 51 48.3
16 52 50.2
16 53 45.2
16 54 78.7
16 55 73.3
16 56 68.6
16 57 77.6
16 58 68.0
16 59 77.1
16 60 67.4
16 61 76.4
16 62 58.3
16 63 54.0
16 64 50.0
16 65 57.3
16 66 48.8
16 67 52.4
16 68 48.2
16 69 55.9
16 70 51.4
16 71 90.1
16 72 87.4
16 73 59.9
16 74 87.6
16 75 55.8
16 76 29.1
16 77 83.2
16 78 84.4
16 79 81.5
16 80 83.6
16 81 85.1
16 82 79.0
16 83 60.4
16 84 57.6
16 85 54.6
16 86 52.0
16 87 52.3
16 88 51.4
16 89 49.2
16 90 48.3
16 91 47.1
16 92 44.7
16 93 47.2
16 94 45.2
16 95 45.0
16 96 42.0
16 97 40.0
16 98 40.3
16 99 38.3
16 100 35.0
16 101 35.3
17 0 40.3
17 1 40.3
17 2 30.2
17 3 29.1
17 4 29.0
17 5 27.8
17 6 29.7
17 7 25.6
17 8 27.5
17 9 24.7
17 10 23.4
17 11 24.2
17 12 21.9
17 13 5.0
17 14 10.1
17 15 2.0
17 16 5.0
17 17 0.0
17 18 10.1
17 19 11.1
17 20 7.0
17 21 36.4
17 22 34.4
17 23 33.9
17 24 31.0
17 25 35.3
17 26 33.3
17 27 30.4
17 28 33.1
17 29 30.1
17 30 35.0
17 31 30.0
17 32 50.9
17 33 46.0
17 34 46.5
17 35 41.7
17 36 52.2
17 37 42.7
17 38 48.4
17 39 49.2
17 40 44.7
17 41 57.0
17 42 55.0
17 43 54.5
17 44 51.6
17 45 56.2
17 46 55.9
17 47 53.9
17 48 50.9
17 49 55.5
17 50 50.6
17 51 53.3
17 52 55.2
17 53 50.2
17 54 83.5
17 55 78.1
17 56 73.3
17 57 82.4
17 58 72.8
17 59 82.0
17 60 72.2
17 61 81.3
17 62 62.6
17 63 58.3
17 64 54.0
17 65 61.7
17 66 53.0
17 67 56.8
17 68 52.4
17 69 60.4
17 70 55.9
17 71 93.0
17 72 90.1
17 73 64.1
17 74 90.6
17 75 59.9
17 76 32.0
17 77 86.0
17 78 87.4
17 79 84.4
17 80 86.6
17 81 88.4
17 82 82.0
17 83 62.6
17 84 60.0
17 85 56.8
17 86 54.1
17 87 54.9
17 88 54.0
17 89 51.4
17 90 50.7
17 91 50.0
17 92 47.1
17 93 47.0
17 94 45.0
17 95 45.0
17 96 42.2
17 97 40.3
17 98 40.0
17 99 39.2
17 100 35.3
17 101 35.0
18 0 33.3
18 1 33.3
18 2 27.8
18 3 27.4
18 4 25.6
18 5 25.0
18 6 26.0
18 7 22.8
18 8 23.7
18 9 21.1
18 10 20.6
18 11 19.2
18 12 18.0
18 13 12.2
18 14 4.0
18 15 10.7
18 16 5.3
18 17 10.1
18 18 0.0
18 19 3.0
18 20 5.8
18 21 27.7
18 22 25.9
18 23 25.0
18 24 22.3
18 25 25.9
18 26 24.0
18 27 21.1
18 28 23.5
18 29 20.6
18 30 25.0
18 31 20.0
18 32 40.7
18 33 35.9
18 34 36.4
18 35 31.6
18 36 42.0
18 37 32.6
18 38 38.4
18 39 39.3
18 40 34.9
18 41 48.1
18 42 46.2
18 43 45.5
18 44 42.7
18 45 47.1
18 46 46.5
18 47 44.6
18 48 41.7
18 49 46.0
18 50 41.2
18 51 43.7
18 52 45.5
18 53 40.6
18 54 74.6
18 55 69.2
18 56 64.6
18 57 73.3
18 58 63.9
18 59 72.8
18 60 63.2
18 61 72.0
18 62 55.2
18 63 51.2
18 64 47.4
18 65 54.0
18 66 46.0
18 67 49.4
18 68 45.4
18 69 52.4
18 70 48.2
18 71 89.1
18 72 86.7
18 73 57.0
18 74 86.6
18 75 53.1
18 76 28.7
18 77 82.3
18 78 83.2
18 79 80.6
18 80 82.3
18 81 83.6
18 82 78.0
18 83 60.4
18 84 57.5
18 85 54.7
18 86 52.2
18 87 52.0
18 88 51.0
18 89 49.3
18 90 48.1
18 91 46.5
18 92 44.5
18 93 50.0
18 94 48.0
18 95 47.5
18 96 44.2
18 97 42.2
18 98 43.1
18 99 40.0
18 100 37.3
18 101 38.3
19 0 35.3
19 1 35.3
19 2 30.8
19 3 30.4
19 4 28.4
19 5 27.8
19 6 28.7
19 7 25.7
19 8 26.5
19 9 24.0
19 10 23.5
19 11 21.9
19 12 20.8
19 13 14.1
19 14 7.0
19 15 12.2
19 16 7.0
19 17 11.1
19 18 3.0
19 19 0.0
19 20 5.0
19 21 29.1
19 22 27.4
19 23 26.4
19 24 23.8
19 25 26.9
19 26 25.0
19 27 22.3
19 28 24.3
19 29 21.5
19 30 25.4
19 31 20.6
19 32 40.3
19 33 35.3
19 34 35.6
19 35 30.8
19 36 41.2
19 37 31.6
19 38 37.3
19 39 38.0
19 40 33.5
19 41 49.2
19 42 47.4
19 43 46.6
19 44 43.8
19 45 48.1
19 46 47.4
19 47 45.5
19 48 42.7
19 49 46.8
19 50 42.0
19 51 44.3
19 52 46.0
19 53 41.2
19 54 75.7
19 55 70.3
19 56 65.7
19 57 74.3
19 58 65.0
19 59 73.6
19 60 64.2
19 61 72.8
19 62 57.0
19 63 53.1
19 64 49.4
19 65 55.8
19 66 48.1
19 67 51.2
19 68 47.4
19 69 54.0
19 70 50.0
19 71 91.7
19 72 89.4
19 73 58.8
19 74 89.1
19 75 55.1
19 76 31.6
19 77 85.0
19 78 85.7
19 79 83.2
19 80 84.9
19 81 86.0
19 82 80.6
19 83 63.2
19 84 60.4
19 85 57.5
19 86 55.0
19 87 54.7
19 88 53.8
19 89 52.2
19 90 50.9
19 91 49.2
19 92 47.4
19 93 52.9
19 94 50.9
19 95 50.4
19 96 47.2
19 97 45.2
19 98 46.0
19 99 43.0
19 100 40.3
19 101 41.2
20 0 39.0
20 1 39.0
20 2 32.3
20 3 31.6
20 4 30.4
20 5 29.5
20 6 30.8
20 7 27.3
20 8 28.6
20 9 25.9
20 10 25.0
20 11 24.4
20 12 22.8
20 13 11.1
20 14 8.6
20 15 8.6
20 16 5.0
20 17 7.0
20 18 5.8
20 19 5.0
20 20 0.0
20 21 33.5
20 22 31.7
20 23 30.8
20 24 28.1
20 25 31.6
20 26 29.7
20 27 26.9
20 28 29.1
20 29 26.2
20 30 30.4
20 31 25.4
20 32 45.2
20 33 40.3
20 34 40.6
20 35 35.6
20 36 46.0
20 37 36.4
20 38 42.0
20 39 42.7
20 40 38.0
20 41 53.8
20 42 52.0
20 43 51.2
20 44 48.4
20 45 52.8
20 46 52.2
20 47 50.2
20 48 47.4
20 49 51.6
20 50 46.8
20 51 49.2
20 52 50.9
20 53 46.0
20 54 80.4
20 55 75.0
20 56 70.3
20 57 79.0
20 58 69.6
20 59 78.4
20 60 68.9
20 61 77.6
20 62 61.0
20 63 57.0
20 64 53.1
20 65 59.9
20 66 51.8
20 67 55.2
20 68 51.2
20 69 58.3
20 70 54.0
20 71 94.3
20 72 91.7
20 73 62.8
20 74 91.8
20 75 58.8
20 76 33.5
20 77 87.4
20 78 88.4
20 79 85.7
20 80 87.6
20 81 89.0
20 82 83.2
20 83 65.0
20 84 62.2
20 85 59.2
20 86 56.6
20 87 56.7
20 88 55.9
20 89 53.8
20 90 52.8
20 91 51.4
20 92 49.2
20 93 52.2
20 94 50.2
20 95 50.0
20 96 47.0
20 97 45.0
20 98 45.2
20 99 43.2
20 100 40.0
20 101 40.3
21 0 10.0
21 1 10.0
21 2 23.4
21 3 25.0
21 4 20.0
21 5 21.6
21 6 19.2
21 7 21.4
21 8 18.8
21 9 19.6
21 10 21.5
21 11 16.7
21 12 19.6
21 13 35.3
21 14 26.2
21 15 35.9
21 16 31.6
21 17 36.4
21 18 27.7
21 19 29.1
21 20 33.5
21 21 0.0
21 22 2.0
21 23 2.8
21 24 5.3
21 25 5.0
21 26 5.3
21 27 7.0
21 28 7.2
21 29 8.6
21 30 10.0
21 31 11.1
21 32 25.0
21 33 22.3
21 34 24.1
21 35 22.5
21 36 29.1
21 37 25.4
21 38 29.7
21 39 31.6
21 40 30.4
21 41 20.6
21 42 18.6
21 43 18.2
21 44 15.2
21 45 20.0
21 46 20.0
21 47 18.0
21 48 15.0
21 49 20.0
21 50 15.1
21 51 18.4
21 52 20.6
21 53 15.8
21 54 47.1
21 55 41.7
21 56 37.0
21 57 46.0
21 58 36.4
21 59 45.7
21 60 35.9
21 61 45.2
21 62 28.2
21 63 25.0
21 64 22.3
21 65 26.9
21 66 20.5
21 67 22.6
21 68 19.7
21 69 25.0
21 70 21.2
21 71 68.0
21 72 66.7
21 73 30.4
21 74 65.1
21 75 27.4
21 76 21.2
21 77 61.8
21 78 61.3
21 79 59.9
21 80 60.4
21 81 60.4
21 82 57.0
21 83 45.2
21 84 42.2
21 85 40.7
21 86 39.2
21 87 36.3
21 88 35.3
21 89 36.4
21 90 33.9
21 91 30.4
21 92 31.6
21 93 50.9
21 94 49.4
21 95 47.4
21 96 43.8
21 97 42.4
21 98 46.0
21 99 37.5
21 100 39.0
21 101 43.0
22 0 10.1
22 1 10.1
22 2 21.9
22 3 23.4
22 4 18.4
22 5 20.0
22 6 17.6
22 7 19.7
22 8 17.2
22 9 17.8
22 10 19.6
22 11 14.8
22 12 17.7
22 13 33.3
22 14 24.3
22 15 33.9
22 16 29.7
22 17 34.4
22 18 25.9
22 19 27.4
22 20 31.7
22 21 2.0
22 22 0.0
22 23 2.0
22 24 3.6
22 25 5.3
22 26 5.0
22 27 5.8
22 28 7.0
22 29 7.6
22 30 10.1
22 31 10.4
22 32 26.2
22 33 23.3
22 34 25.0
22 35 23.0
22 36 30.2
22 37 25.9
22 38 30.4
22 39 32.3
22 40 30.8
22 41 22.5
22 42 20.6
22 43 20.2
22 44 17.2
22 45 22.0
22 46 22.0
22 47 20.0
22 48 17.0
22 49 22.0
22 50 17.1
22 51 20.3
22 52 22.5
22 53 17.7
22 54 49.0
22 55 43.6
22 56 38.8
22 57 48.0
22 58 38.3
22 59 47.6
22 60 37.8
22 61 47.2
22 62 29.7
22 63 26.2
22 64 23.3
22 65 28.4
22 66 21.6
22 67 24.0
22 68 20.8
22 69 26.6
22 70 22.6
22 71 68.6
22 72 67.1
22 73 31.8
22 74 65.7
22 75 28.6
22 76 19.8
22 77 62.3
22 78 62.0
22 79 60.4
22 80 61.0
22 81 61.2
22 82 57.5
22 83 45.0
22 84 42.1
22 85 40.4
22 86 38.8
22 87 36.1
22 88 35.1
22 89 35.9
22 90 33.5
22 91 30.1
22 92 31.0
22 93 49.5
22 94 48.1
22 95 46.0
22 96 42.5
22 97 41.0
22 98 44.5
22 99 36.2
22 100 37.5
22 101 41.4
23 0 12.1
23 1 12.1
23 2 23.3
23 3 24.7
23 4 19.7
23 5 21.2
23 6 19.1
23 7 20.8
23 8 18.4
23 9 18.8
23 10 20.5
23 11 15.6
23 12 18.3
23 13 33.1
23 14 23.7
23 15 33.5
23 16 29.1
23 17 33.9
23 18 25.0
23 19 26.4
23 20 30.8
23 21 2.8
23 22 2.0
23 23 0.0
23 24 3.0
23 25 3.6
23 26 3.0
23 27 4.2
23 28 5.0
23 29 5.8
23 30 8.2
23 31 8.5
23 32 24.7
23 33 21.6
23 34 23.3
23 35 21.1
23 36 28.6
23 37 24.0
23 38 28.6
23 39 30.4
23 40 28.8
23 41 23.0
23 42 21.1
23 43 20.6
23 44 17.7
23 45 22.3
23 46 22.0
23 47 20.0
23 48 17.1
23 49 22.0
23 50 17.0
23 51 20.0
23 52 22.2
23 53 17.2
23 54 49.6
23 55 44.2
23 56 39.5
23 57 48.5
23 58 38.8
23 59 48.0
23 60 38.3
23 61 47.5
23 62 31.1
23 63 27.8
23 64 25.0
23 65 29.7
23 66 23.3
23 67 25.4
23 68 22.4
23 69 27.8
23 70 24.0
23 71 70.5
23 72 69.1
23 73 33.3
23 74 67.6
23 75 30.2
23 76 21.4
23 77 64.2
23 78 63.9
23 79 62.3
23 80 62.9
23 81 63.0
23 82 59.4
23 83 47.0
23 84 44.1
23 85 42.4
23 86 40.7
23 87 38.1
23 88 37.1
23 89 37.8
23 90 35.5
23 91 32.1
23 92 32.9
23 93 51.0
23 94 49.5
23 95 47.6
23 96 44.0
23 97 42.5
23 98 45.9
23 99 37.8
23 100 38.8
23 101 42.6
24 0 13.0
24 1 13.0
24 2 21.4
24 3 22.6
24 4 17.8
24 5 19.1
24 6 17.2
24 7 18.4
24 8 16.2
24 9 16.4
24 10 18.0
24 11 13.0
24 12 15.6
24 13 30.1
24 14 20.8
24 15 30.5
24 16 26.2
24 17 31.0
24 18 22.3
24 19 23.8
24 20 28.1
24 21 5.3
24 22 3.6
24 23 3.0
24 24 0.0
24 25 5.8
24 26 4.2
24 27 3.0
24 28 5.8
24 29 5.0
24 30 9.4
24 31 8.0
24 32 26.9
24 33 23.4
24 34 25.0
24 35 22.3
24 36 30.4
24 37 25.0
24 38 30.0
24 39 31.7
24 40 29.7
24 41 25.9
24 42 24.0
24 43 23.5
24 44 20.6
24 45 25.3
24 46 25.0
24 47 23.0
24 48 20.0
24 49 25.0
24 50 20.0
24 51 23.0
24 52 25.1
24 53 20.2
24 54 52.4
24 55 47.1
24 56 42.3
24 57 51.4
24 58 41.7
24 59 50.9
24 60 41.2
24 61 50.4
24 62 33.3
24 63 29.7
24 64 26.6
24 65 32.0
24 66 25.0
24 67 27.5
24 68 24.2
24 69 30.2
24 70 26.2
24 71 71.5
24 72 69.9
24 73 35.3
24 74 68.7
24 75 32.0
24 76 19.7
24 77 65.1
24 78 65.0
24 79 63.2
24 80 64.0
24 81 64.4
24 82 60.4
24 83 47.0
24 84 44.0
24 85 42.1
24 86 40.3
24 87 38.0
24 88 37.0
24 89 37.3
24 90 35.1
24 91 32.0
24 92 32.3
24 93 49.2
24 94 47.6
24 95 45.8
24 96 42.2
24 97 40.6
24 98 43.8
24 99 36.0
24 100 36.7
24 101 40.3
25 0 15.0
25 1 15.0
25 2 26.9
25 3 28.2
25 4 23.3
25 5 24.7
25 6 22.6
25 7 24.2
25 8 21.9
25 9 22.2
25 10 23.8
25 11 18.8
25 12 21.4
25 13 35.0
25 14 25.1
25 15 35.1
25 16 30.4
25 17 35.3
25 18 25.9
25 19 26.9
25 20 31.6
25 21 5.0
25 22 5.3
25 23 3.6
25 24 5.8
25 25 0.0
25 26 2.0
25 27 5.0
25 28 2.8
25 29 5.3
25 30 5.0
25 31 7.0
25 32 21.2
25 33 18.0
25 34 19.7
25 35 17.7
25 36 25.0
25 37 20.6
25 38 25.0
25 39 26.9
25 40 25.4
25 41 22.3
25 42 20.5
25 43 19.6
25 44 17.0
25 45 21.1
25 46 20.6
25 47 18.6
25 48 15.8
25 49 20.2
25 50 15.2
25 51 18.0
25 52 20.0
25 53 15.0
25 54 48.8
25 55 43.4
25 56 38.9
25 57 47.4
25 58 38.0
25 59 46.8
25 60 37.3
25 61 46.0
25 62 32.0
25 63 29.1
25 64 26.9
25 65 30.4
25 66 25.0
25 67 26.6
25 68 24.1
25 69 28.2
25 70 25.0
25 71 72.8
25 72 71.5
25 73 34.4
25 74 69.9
25 75 31.7
25 76 25.0
25 77 66.7
25 78 66.0
25 79 64.7
25 80 65.1
25 81 65.0
25 82 61.8
25 83 50.2
25 84 47.2
25 85 45.7
25 86 44.1
25 87 41.3
25 88 40.3
25 89 41.2
25 90 38.8
25 91 35.3
25 92 36.4
25 93 54.6
25 94 53.1
25 95 51.2
25 96 47.6
25 97 46.0
25 98 49.4
25 99 41.4
25 100 42.4
25 101 46.0
26 0 15.1
26 1 15.1
26 2 25.6
26 3 26.9
26 4 22.0
26 5 23.3
26 6 21.4
26 7 22.6
26 8 20.5
26 9 20.6
26 10 22.2
26 11 17.2
26 12 19.7
26 13 33.0
26 14 23.1
26 15 33.1
26 16 28.4
26 17 33.3
26 18 24.0
26 19 25.0
26 20 29.7
26 21 5.3
26 22 5.0
26 23 3.0
26 24 4.2
26 25 2.0
26 26 0.0
26 27 3.0
26 28 2.0
26 29 3.6
26 30 5.3
26 31 5.8
26 32 22.6
26 33 19.2
26 34 20.8
26 35 18.3
26 36 26.2
26 37 21.1
26 38 25.9
26 39 27.7
26 40 25.9
26 41 24.1
26 42 22.3
26 43 21.5
26 44 18.7
26 45 23.0
26 46 22.5
26 47 20.6
26 48 17.7
26 49 22.2
26 50 17.2
26 51 20.0
26 52 22.0
26 53 17.0
26 54 50.6
26 55 45.3
26 56 40.7
26 57 49.3
26 58 39.9
26 59 48.7
26 60 39.2
26 61 48.0
26 62 33.3
26 63 30.2
26 64 27.7
26 65 31.8
26 66 25.9
26 67 27.8
26 68 25.0
26 69 29.7
26 70 26.2
26 71 73.3
26 72 72.0
26 73 35.6
26 74 70.5
26 75 32.7
26 76 23.8
26 77 67.1
26 78 66.7
26 79 65.2
26 80 65.7
26 81 65.7
26 82 62.3
26 83 50.0
26 84 47.0
26 85 45.3
26 86 43.7
26 87 41.1
26 88 40.1
26 89 40.7
26 90 38.4
26 91 35.1
26 92 35.9
26 93 53.4
26 94 51.8
26 95 50.0
26 96 46.4
26 97 44.8
26 98 48.1
26 99 40.2
26 100 41.0
26 101 44.5
27 0 15.8
27 1 15.8
27 2 23.8
27 3 25.0
27 4 20.2
27 5 21.4
27 6 19.7
27 7 20.5
27 8 18.6
27 9 18.3
27 10 19.8
27 11 14.8
27 12 17.2
27 13 30.0
27 14 20.2
27 15 30.1
27 16 25.4
27 17 30.4
27 18 21.1
27 19 22.3
27 20 26.9
27 21 7.0
27 22 5.8
27 23 4.2
27 24 3.0
27 25 5.0
27 26 3.0
27 27 0.0
27 28 3.6
27 29 2.0
27 30 7.0
27 31 5.0
27 32 25.0
27 33 21.2
27 34 22.6
27 35 19.7
27 36 28.2
27 37 22.3
27 38 27.4
27 39 29.1
27 40 26.9
27 41 26.9
27 42 25.0
27 43 24.3
27 44 21.5
27 45 25.9
27 46 25.4
27 47 23.5
27 48 20.6
27 49 25.1
27 50 20.2
27 51 23.0
27 52 25.0
27 53 20.0
27 54 53.4
27 55 48.1
27 56 43.4
27 57 52.2
27 58 42.7
27 59 51.6
27 60 42.0
27 61 50.9
27 62 35.3
27 63 32.0
27 64 29.1
27 65 33.9
27 66 27.4
27 67 29.7
27 68 26.6
27 69 32.0
27 70 28.2
27 71 74.3
27 72 72.8
27 73 37.5
27 74 71.5
27 75 34.4
27 76 22.3
27 77 68.0
27 78 67.7
27 79 66.0
27 80 66.8
27 81 67.0
27 82 63.2
27 83 50.0
27 84 47.0
27 85 45.0
27 86 43.2
27 87 41.0
27 88 40.0
27 89 40.3
27 90 38.1
27 91 35.0
27 92 35.3
27 93 51.6
27 94 50.0
27 95 48.2
27 96 44.6
27 97 43.0
27 98 46.0
27 99 38.5
27 100 39.0
27 101 42.4
28 0 17.1
28 1 17.1
28 2 27.2
28 3 28.4
28 4 23.6
28 5 24.8
28 6 23.0
28 7 24.0
28 8 22.0
28 9 21.9
28 10 23.4
28 11 18.4
28 12 20.8
28 13 33.0
28 14 23.0
28 15 33.0
28 16 28.1
28 17 33.1
28 18 23.5
28 19 24.3
28 20 29.1
28 21 7.2
28 22 7.0
28 23 5.0
28 24 5.8
28 25 2.8
28 26 2.0
28 27 3.6
28 28 0.0
28 29 3.0
28 30 3.6
28 31 4.2
28 32 21.4
28 33 17.6
28 34 19.2
28 35 16.5
28 36 24.7
28 37 19.3
28 38 24.1
28 39 25.9
28 40 24.0
28 41 25.0
28 42 23.3
28 43 22.3
28 44 19.7
28 45 23.7
28 46 23.0
28 47 21.1
28 48 18.3
28 49 22.5
