#nbCustomers
25
#nbParkings
1
#nbCentralDepots
1
#nbVehicles
3
#nbProducts
1
#parking info (nk ep lp)
3 0 1236
#central depot info(ed, ld, waittingTime, loadingTimeperUnit)
0 1236 0 0
#vehicle info(ek, lk, ck lower, ck upper, qk, costRate)
0 1236 0 200 1 1
0 1236 0 200 1 1
0 1236 0 200 1 1
#weight of products (wp)
1
#customer demand (quantity, quantity, quantity,... nbProducts)
10
30
10
10
10
20
20
20
10
10
10
20
30
10
40
40
20
20
10
10
20
20
10
10
40
#customer info(ei, li, waittingTime, unloadingTimePerUnit)
0 1127 90 0
0 1125 90 0
0 1129 90 0
727 782 90 0
0 1130 90 0
621 702 90 0
0 1130 90 0
255 324 90 0
534 605 90 0
357 410 90 0
448 505 90 0
0 1107 90 0
30 92 90 0
567 620 90 0
384 429 90 0
475 528 90 0
99 148 90 0
179 254 90 0
278 345 90 0
10 73 90 0
0 1135 90 0
812 883 90 0
732 777 90 0
65 144 90 0
169 224 90 0
#vehicle - product (restrictly bkp) = 1: vh can carry
1
1
1
#vehicles - customer (restrictly rki) = 1: vh can go to cus
1 1 1 1 1 1 1 1 1 1 1 1 1 1 1 1 1 1 1 1 1 1 1 1 1
1 1 1 1 1 1 1 1 1 1 1 1 1 1 1 1 1 1 1 1 1 1 1 1 1
1 1 1 1 1 1 1 1 1 1 1 1 1 1 1 1 1 1 1 1 1 1 1 1 1
#vehicle - remain customers = 1: remain
0 0 0 0 0 0 0 0 0 0 0 0 0 0 0 0 0 0 0 0 0 0 0 0 0
0 0 0 0 0 0 0 0 0 0 0 0 0 0 0 0 0 0 0 0 0 0 0 0 0
0 0 0 0 0 0 0 0 0 0 0 0 0 0 0 0 0 0 0 0 0 0 0 0 0
#travel time matrix:[from to travelTime]
729
0 0 0.0
0 1 0.0
0 2 18.6
0 3 20.6
0 4 16.1
0 5 18.1
0 6 15.1
0 7 19.0
0 8 16.0
0 9 18.1
0 10 20.0
0 11 16.7
0 12 19.6
0 13 38.0
0 14 30.8
0 15 39.3
0 16 36.0
0 17 40.3
0 18 33.3
0 19 35.3
0 20 39.0
0 21 10.0
0 22 10.1
0 23 12.1
0 24 13.0
0 25 15.0
0 26 15.1
1 0 0.0
1 1 0.0
1 2 18.6
1 3 20.6
1 4 16.1
1 5 18.1
1 6 15.1
1 7 19.0
1 8 16.0
1 9 18.1
1 10 20.0
1 11 16.7
1 12 19.6
1 13 38.0
1 14 30.8
1 15 39.3
1 16 36.0
1 17 40.3
1 18 33.3
1 19 35.3
1 20 39.0
1 21 10.0
1 22 10.1
1 23 12.1
1 24 13.0
1 25 15.0
1 26 15.1
2 0 18.6
2 1 18.6
2 2 0.0
2 3 2.0
2 4 3.6
2 5 3.0
2 6 4.2
2 7 5.0
2 8 5.3
2 9 7.0
2 10 7.2
2 11 10.1
2 12 10.0
2 13 26.2
2 14 24.0
2 15 28.6
2 16 27.7
2 17 30.2
2 18 27.8
2 19 30.8
2 20 32.3
2 21 23.4
2 22 21.9
2 23 23.3
2 24 21.4
2 25 26.9
2 26 25.6
3 0 20.6
3 1 20.6
3 2 2.0
3 3 0.0
3 4 5.0
3 5 3.6
3 6 5.8
3 7 5.0
3 8 6.4
3 9 7.2
3 10 7.0
3 11 10.7
3 12 10.0
3 13 25.0
3 14 23.5
3 15 27.4
3 16 26.9
3 17 29.1
3 18 27.4
3 19 30.4
3 20 31.6
3 21 25.0
3 22 23.4
3 23 24.7
3 24 22.6
3 25 28.2
3 26 26.9
4 0 16.1
4 1 16.1
4 2 3.6
4 3 5.0
4 4 0.0
4 5 2.0
4 6 1.0
4 7 3.6
4 8 2.0
4 9 4.4
4 10 5.6
4 11 7.0
4 12 7.6
4 13 25.4
4 14 21.9
4 15 27.5
4 16 26.0
4 17 29.0
4 18 25.6
4 19 28.4
4 20 30.4
4 21 20.0
4 22 18.4
4 23 19.7
4 24 17.8
4 25 23.3
4 26 22.0
5 0 18.1
5 1 18.1
5 2 3.0
5 3 3.6
5 4 2.0
5 5 0.0
5 6 3.0
5 7 2.2
5 8 2.8
5 9 4.0
5 10 4.4
5 11 7.2
5 12 7.0
5 13 24.0
5 14 21.1
5 15 26.2
5 16 25.0
5 17 27.8
5 18 25.0
5 19 27.8
5 20 29.5
5 21 21.6
5 22 20.0
5 23 21.2
5 24 19.1
5 25 24.7
5 26 23.3
6 0 15.1
6 1 15.1
6 2 4.2
6 3 5.8
6 4 1.0
6 5 3.0
6 6 0.0
6 7 4.4
6 8 2.2
6 9 5.0
6 10 6.4
6 11 7.0
6 12 8.0
6 13 26.2
6 14 22.3
6 15 28.2
6 16 26.6
6 17 29.7
6 18 26.0
6 19 28.7
6 20 30.8
6 21 19.2
6 22 17.6
6 23 19.1
6 24 17.2
6 25 22.6
6 26 21.4
7 0 19.0
7 1 19.0
7 2 5.0
7 3 5.0
7 4 3.6
7 5 2.2
7 6 4.4
7 7 0.0
7 8 3.0
7 9 2.2
7 10 2.2
7 11 5.8
7 12 5.0
7 13 21.9
7 14 18.9
7 15 24.0
7 16 22.8
7 17 25.6
7 18 22.8
7 19 25.7
7 20 27.3
7 21 21.4
7 22 19.7
7 23 20.8
7 24 18.4
7 25 24.2
7 26 22.6
8 0 16.0
8 1 16.0
8 2 5.3
8 3 6.4
8 4 2.0
8 5 2.8
8 6 2.2
8 7 3.0
8 8 0.0
8 9 2.8
8 10 4.4
8 11 5.0
8 12 5.8
8 13 24.2
8 14 20.1
8 15 26.1
8 16 24.4
8 17 27.5
8 18 23.7
8 19 26.5
8 20 28.6
8 21 18.8
8 22 17.2
8 23 18.4
8 24 16.2
8 25 21.9
8 26 20.5
9 0 18.1
9 1 18.1
9 2 7.0
9 3 7.2
9 4 4.4
9 5 4.0
9 6 5.0
9 7 2.2
9 8 2.8
9 9 0.0
9 10 2.0
9 11 3.6
9 12 3.1
9 13 21.4
9 14 17.4
9 15 23.3
9 16 21.6
9 17 24.7
9 18 21.1
9 19 24.0
9 20 25.9
9 21 19.6
9 22 17.8
9 23 18.8
9 24 16.4
9 25 22.2
9 26 20.6
10 0 20.0
10 1 20.0
10 2 7.2
10 3 7.0
10 4 5.6
10 5 4.4
10 6 6.4
10 7 2.2
10 8 4.4
10 9 2.0
10 10 0.0
10 11 5.0
10 12 3.1
10 13 19.8
10 14 16.7
10 15 21.9
10 16 20.5
10 17 23.4
10 18 20.6
10 19 23.5
10 20 25.0
10 21 21.5
10 22 19.6
10 23 20.5
10 24 18.0
10 25 23.8
10 26 22.2
11 0 16.7
11 1 16.7
11 2 10.1
11 3 10.7
11 4 7.0
11 5 7.2
11 6 7.0
11 7 5.8
11 8 5.0
11 9 3.6
11 10 5.0
11 11 0.0
11 12 3.0
11 13 21.4
11 14 15.8
11 15 23.0
11 16 20.5
11 17 24.2
11 18 19.2
11 19 21.9
11 20 24.4
11 21 16.7
11 22 14.8
11 23 15.6
11 24 13.0
11 25 18.8
11 26 17.2
12 0 19.6
12 1 19.6
12 2 10.0
12 3 10.0
12 4 7.6
12 5 7.0
12 6 8.0
12 7 5.0
12 8 5.8
12 9 3.1
12 10 3.1
12 11 3.0
12 12 0.0
12 13 18.8
12 14 14.3
12 15 20.6
12 16 18.6
12 17 21.9
12 18 18.0
12 19 20.8
12 20 22.8
12 21 19.6
12 22 17.7
12 23 18.3
12 24 15.6
12 25 21.4
12 26 19.7
13 0 38.0
13 1 38.0
13 2 26.2
13 3 25.0
13 4 25.4
13 5 24.0
13 6 26.2
13 7 21.9
13 8 24.2
13 9 21.4
13 10 19.8
13 11 21.4
13 12 18.8
13 13 0.0
13 14 10.4
13 15 3.0
13 16 7.0
13 17 5.0
13 18 12.2
13 19 14.1
13 20 11.1
13 21 35.3
13 22 33.3
13 23 33.1
13 24 30.1
13 25 35.0
13 26 33.0
14 0 30.8
14 1 30.8
14 2 24.0
14 3 23.5
14 4 21.9
14 5 21.1
14 6 22.3
14 7 18.9
14 8 20.1
14 9 17.4
14 10 16.7
14 11 15.8
14 12 14.3
14 13 10.4
14 14 0.0
14 15 10.0
14 16 5.3
14 17 10.1
14 18 4.0
14 19 7.0
14 20 8.6
14 21 26.2
14 22 24.3
14 23 23.7
14 24 20.8
14 25 25.1
14 26 23.1
15 0 39.3
15 1 39.3
15 2 28.6
15 3 27.4
15 4 27.5
15 5 26.2
15 6 28.2
15 7 24.0
15 8 26.1
15 9 23.3
15 10 21.9
15 11 23.0
15 12 20.6
15 13 3.0
15 14 10.0
15 15 0.0
15 16 5.3
15 17 2.0
15 18 10.7
15 19 12.2
15 20 8.6
15 21 35.9
15 22 33.9
15 23 33.5
15 24 30.5
15 25 35.1
15 26 33.1
16 0 36.0
16 1 36.0
16 2 27.7
16 3 26.9
16 4 26.0
16 5 25.0
16 6 26.6
16 7 22.8
16 8 24.4
16 9 21.6
16 10 20.5
16 11 20.5
16 12 18.6
16 13 7.0
16 14 5.3
16 15 5.3
16 16 0.0
16 17 5.0
16 18 5.3
16 19 7.0
16 20 5.0
16 21 31.6
16 22 29.7
16 23 29.1
16 24 26.2
16 25 30.4
16 26 28.4
17 0 40.3
17 1 40.3
17 2 30.2
17 3 29.1
17 4 29.0
17 5 27.8
17 6 29.7
17 7 25.6
17 8 27.5
17 9 24.7
17 10 23.4
17 11 24.2
17 12 21.9
17 13 5.0
17 14 10.1
17 15 2.0
17 16 5.0
17 17 0.0
17 18 10.1
17 19 11.1
17 20 7.0
17 21 36.4
17 22 34.4
17 23 33.9
17 24 31.0
17 25 35.3
17 26 33.3
18 0 33.3
18 1 33.3
18 2 27.8
18 3 27.4
18 4 25.6
18 5 25.0
18 6 26.0
18 7 22.8
18 8 23.7
18 9 21.1
18 10 20.6
18 11 19.2
18 12 18.0
18 13 12.2
18 14 4.0
18 15 10.7
18 16 5.3
18 17 10.1
18 18 0.0
18 19 3.0
18 20 5.8
18 21 27.7
18 22 25.9
18 23 25.0
18 24 22.3
18 25 25.9
18 26 24.0
19 0 35.3
19 1 35.3
19 2 30.8
19 3 30.4
19 4 28.4
19 5 27.8
19 6 28.7
19 7 25.7
19 8 26.5
19 9 24.0
19 10 23.5
19 11 21.9
19 12 20.8
19 13 14.1
19 14 7.0
19 15 12.2
19 16 7.0
19 17 11.1
19 18 3.0
19 19 0.0
19 20 5.0
19 21 29.1
19 22 27.4
19 23 26.4
19 24 23.8
19 25 26.9
19 26 25.0
20 0 39.0
20 1 39.0
20 2 32.3
20 3 31.6
20 4 30.4
20 5 29.5
20 6 30.8
20 7 27.3
20 8 28.6
20 9 25.9
20 10 25.0
20 11 24.4
20 12 22.8
20 13 11.1
20 14 8.6
20 15 8.6
20 16 5.0
20 17 7.0
20 18 5.8
20 19 5.0
20 20 0.0
20 21 33.5
20 22 31.7
20 23 30.8
20 24 28.1
20 25 31.6
20 26 29.7
21 0 10.0
21 1 10.0
21 2 23.4
21 3 25.0
21 4 20.0
21 5 21.6
21 6 19.2
21 7 21.4
21 8 18.8
21 9 19.6
21 10 21.5
21 11 16.7
21 12 19.6
21 13 35.3
21 14 26.2
21 15 35.9
21 16 31.6
21 17 36.4
21 18 27.7
21 19 29.1
21 20 33.5
21 21 0.0
21 22 2.0
21 23 2.8
21 24 5.3
21 25 5.0
21 26 5.3
22 0 10.1
22 1 10.1
22 2 21.9
22 3 23.4
22 4 18.4
22 5 20.0
22 6 17.6
22 7 19.7
22 8 17.2
22 9 17.8
22 10 19.6
22 11 14.8
22 12 17.7
22 13 33.3
22 14 24.3
22 15 33.9
22 16 29.7
22 17 34.4
22 18 25.9
22 19 27.4
22 20 31.7
22 21 2.0
22 22 0.0
22 23 2.0
22 24 3.6
22 25 5.3
22 26 5.0
23 0 12.1
23 1 12.1
23 2 23.3
23 3 24.7
23 4 19.7
23 5 21.2
23 6 19.1
23 7 20.8
23 8 18.4
23 9 18.8
23 10 20.5
23 11 15.6
23 12 18.3
23 13 33.1
23 14 23.7
23 15 33.5
23 16 29.1
23 17 33.9
23 18 25.0
23 19 26.4
23 20 30.8
23 21 2.8
23 22 2.0
23 23 0.0
23 24 3.0
23 25 3.6
23 26 3.0
24 0 13.0
24 1 13.0
24 2 21.4
24 3 22.6
24 4 17.8
24 5 19.1
24 6 17.2
24 7 18.4
24 8 16.2
24 9 16.4
24 10 18.0
24 11 13.0
24 12 15.6
24 13 30.1
24 14 20.8
24 15 30.5
24 16 26.2
24 17 31.0
24 18 22.3
24 19 23.8
24 20 28.1
24 21 5.3
24 22 3.6
24 23 3.0
24 24 0.0
24 25 5.8
24 26 4.2
25 0 15.0
25 1 15.0
25 2 26.9
25 3 28.2
25 4 23.3
25 5 24.7
25 6 22.6
25 7 24.2
25 8 21.9
25 9 22.2
25 10 23.8
25 11 18.8
25 12 21.4
25 13 35.0
25 14 25.1
25 15 35.1
25 16 30.4
25 17 35.3
25 18 25.9
25 19 26.9
25 20 31.6
25 21 5.0
25 22 5.3
25 23 3.6
25 24 5.8
25 25 0.0
25 26 2.0
26 0 15.1
26 1 15.1
26 2 25.6
26 3 26.9
26 4 22.0
26 5 23.3
26 6 21.4
26 7 22.6
26 8 20.5
26 9 20.6
26 10 22.2
26 11 17.2
26 12 19.7
26 13 33.0
26 14 23.1
26 15 33.1
26 16 28.4
26 17 33.3
26 18 24.0
26 19 25.0
26 20 29.7
26 21 5.3
26 22 5.0
26 23 3.0
26 24 4.2
26 25 2.0
26 26 0.0
