#nbCustomers
50
#nbParkings
1
#nbCentralDepots
1
#nbVehicles
5
#nbProducts
1
#parking info (nk ep lp)
5 0 1236
#central depot info(ed, ld, waittingTime, loadingTimeperUnit)
0 1236 0 0
#vehicle info(ek, lk, ck lower, ck upper, qk, costRate)
0 1236 0 200 1 1
0 1236 0 200 1 1
0 1236 0 200 1 1
0 1236 0 200 1 1
0 1236 0 200 1 1
#weight of products (wp)
1
#customer demand (quantity, quantity, quantity,... nbProducts)
10
30
10
10
10
20
20
20
10
10
10
20
30
10
40
40
20
20
10
10
20
20
10
10
40
10
10
20
10
10
20
30
40
20
10
10
20
30
20
10
10
20
10
10
10
30
10
10
10
10
#customer info(ei, li, waittingTime, unloadingTimePerUnit)
0 1127 90 0
0 1125 90 0
0 1129 90 0
727 782 90 0
0 1130 90 0
621 702 90 0
0 1130 90 0
255 324 90 0
534 605 90 0
357 410 90 0
448 505 90 0
0 1107 90 0
30 92 90 0
567 620 90 0
384 429 90 0
475 528 90 0
99 148 90 0
179 254 90 0
278 345 90 0
10 73 90 0
0 1135 90 0
812 883 90 0
732 777 90 0
65 144 90 0
169 224 90 0
0 1130 90 0
261 316 90 0
546 593 90 0
358 405 90 0
449 504 90 0
0 1112 90 0
31 100 90 0
87 158 90 0
0 1113 90 0
283 344 90 0
665 716 90 0
0 1106 90 0
479 522 90 0
567 624 90 0
264 321 90 0
166 235 90 0
68 149 90 0
16 80 90 0
359 412 90 0
541 600 90 0
448 509 90 0
1054 1127 90 0
0 1122 90 0
1001 1066 90 0
0 1123 90 0
#vehicle - product (restrictly bkp) = 1: vh can carry
1
1
1
1
1
#vehicles - customer (restrictly rki) = 1: vh can go to cus
1 1 1 1 1 1 1 1 1 1 1 1 1 1 1 1 1 1 1 1 1 1 1 1 1 1 1 1 1 1 1 1 1 1 1 1 1 1 1 1 1 1 1 1 1 1 1 1 1 1
1 1 1 1 1 1 1 1 1 1 1 1 1 1 1 1 1 1 1 1 1 1 1 1 1 1 1 1 1 1 1 1 1 1 1 1 1 1 1 1 1 1 1 1 1 1 1 1 1 1
1 1 1 1 1 1 1 1 1 1 1 1 1 1 1 1 1 1 1 1 1 1 1 1 1 1 1 1 1 1 1 1 1 1 1 1 1 1 1 1 1 1 1 1 1 1 1 1 1 1
1 1 1 1 1 1 1 1 1 1 1 1 1 1 1 1 1 1 1 1 1 1 1 1 1 1 1 1 1 1 1 1 1 1 1 1 1 1 1 1 1 1 1 1 1 1 1 1 1 1
1 1 1 1 1 1 1 1 1 1 1 1 1 1 1 1 1 1 1 1 1 1 1 1 1 1 1 1 1 1 1 1 1 1 1 1 1 1 1 1 1 1 1 1 1 1 1 1 1 1
#vehicle - remain customers = 1: remain
0 0 0 0 0 0 0 0 0 0 0 0 0 0 0 0 0 0 0 0 0 0 0 0 0 0 0 0 0 0 0 0 0 0 0 0 0 0 0 0 0 0 0 0 0 0 0 0 0 0
0 0 0 0 0 0 0 0 0 0 0 0 0 0 0 0 0 0 0 0 0 0 0 0 0 0 0 0 0 0 0 0 0 0 0 0 0 0 0 0 0 0 0 0 0 0 0 0 0 0
0 0 0 0 0 0 0 0 0 0 0 0 0 0 0 0 0 0 0 0 0 0 0 0 0 0 0 0 0 0 0 0 0 0 0 0 0 0 0 0 0 0 0 0 0 0 0 0 0 0
0 0 0 0 0 0 0 0 0 0 0 0 0 0 0 0 0 0 0 0 0 0 0 0 0 0 0 0 0 0 0 0 0 0 0 0 0 0 0 0 0 0 0 0 0 0 0 0 0 0
0 0 0 0 0 0 0 0 0 0 0 0 0 0 0 0 0 0 0 0 0 0 0 0 0 0 0 0 0 0 0 0 0 0 0 0 0 0 0 0 0 0 0 0 0 0 0 0 0 0
#travel time matrix:[from to travelTime]
2704
0 0 0.0
0 1 0.0
0 2 18.6
0 3 20.6
0 4 16.1
0 5 18.1
0 6 15.1
0 7 19.0
0 8 16.0
0 9 18.1
0 10 20.0
0 11 16.7
0 12 19.6
0 13 38.0
0 14 30.8
0 15 39.3
0 16 36.0
0 17 40.3
0 18 33.3
0 19 35.3
0 20 39.0
0 21 10.0
0 22 10.1
0 23 12.1
0 24 13.0
0 25 15.0
0 26 15.1
0 27 15.8
0 28 17.1
0 29 17.7
0 30 20.0
0 31 20.6
0 32 33.5
0 33 31.6
0 34 33.5
0 35 32.3
0 36 38.0
0 37 35.3
0 38 39.2
0 39 41.2
0 40 40.3
0 41 20.6
0 42 18.6
0 43 19.3
0 44 16.5
0 45 21.5
0 46 22.3
0 47 20.5
0 48 18.0
0 49 23.3
0 50 19.2
0 51 22.8
1 0 0.0
1 1 0.0
1 2 18.6
1 3 20.6
1 4 16.1
1 5 18.1
1 6 15.1
1 7 19.0
1 8 16.0
1 9 18.1
1 10 20.0
1 11 16.7
1 12 19.6
1 13 38.0
1 14 30.8
1 15 39.3
1 16 36.0
1 17 40.3
1 18 33.3
1 19 35.3
1 20 39.0
1 21 10.0
1 22 10.1
1 23 12.1
1 24 13.0
1 25 15.0
1 26 15.1
1 27 15.8
1 28 17.1
1 29 17.7
1 30 20.0
1 31 20.6
1 32 33.5
1 33 31.6
1 34 33.5
1 35 32.3
1 36 38.0
1 37 35.3
1 38 39.2
1 39 41.2
1 40 40.3
1 41 20.6
1 42 18.6
1 43 19.3
1 44 16.5
1 45 21.5
1 46 22.3
1 47 20.5
1 48 18.0
1 49 23.3
1 50 19.2
1 51 22.8
2 0 18.6
2 1 18.6
2 2 0.0
2 3 2.0
2 4 3.6
2 5 3.0
2 6 4.2
2 7 5.0
2 8 5.3
2 9 7.0
2 10 7.2
2 11 10.1
2 12 10.0
2 13 26.2
2 14 24.0
2 15 28.6
2 16 27.7
2 17 30.2
2 18 27.8
2 19 30.8
2 20 32.3
2 21 23.4
2 22 21.9
2 23 23.3
2 24 21.4
2 25 26.9
2 26 25.6
2 27 23.8
2 28 27.2
2 29 25.5
2 30 30.8
2 31 28.1
2 32 48.1
2 33 44.8
2 34 46.4
2 35 43.5
2 36 51.8
2 37 46.1
2 38 51.3
2 39 53.0
2 40 50.5
2 41 39.2
2 42 37.3
2 43 37.9
2 44 35.1
2 45 40.1
2 46 40.8
2 47 39.0
2 48 36.2
2 49 41.6
2 50 37.1
2 51 40.7
3 0 20.6
3 1 20.6
3 2 2.0
3 3 0.0
3 4 5.0
3 5 3.6
3 6 5.8
3 7 5.0
3 8 6.4
3 9 7.2
3 10 7.0
3 11 10.7
3 12 10.0
3 13 25.0
3 14 23.5
3 15 27.4
3 16 26.9
3 17 29.1
3 18 27.4
3 19 30.4
3 20 31.6
3 21 25.0
3 22 23.4
3 23 24.7
3 24 22.6
3 25 28.2
3 26 26.9
3 27 25.0
3 28 28.4
3 29 26.6
3 30 32.0
3 31 29.1
3 32 49.4
3 33 46.0
3 34 47.6
3 35 44.6
3 36 53.1
3 37 47.1
3 38 52.4
3 39 54.0
3 40 51.4
3 41 41.2
3 42 39.2
3 43 39.8
3 44 37.0
3 45 42.0
3 46 42.7
3 47 40.8
3 48 38.0
3 49 43.4
3 50 38.9
3 51 42.4
4 0 16.1
4 1 16.1
4 2 3.6
4 3 5.0
4 4 0.0
4 5 2.0
4 6 1.0
4 7 3.6
4 8 2.0
4 9 4.4
4 10 5.6
4 11 7.0
4 12 7.6
4 13 25.4
4 14 21.9
4 15 27.5
4 16 26.0
4 17 29.0
4 18 25.6
4 19 28.4
4 20 30.4
4 21 20.0
4 22 18.4
4 23 19.7
4 24 17.8
4 25 23.3
4 26 22.0
4 27 20.2
4 28 23.6
4 29 21.9
4 30 27.2
4 31 24.5
4 32 44.5
4 33 41.2
4 34 42.8
4 35 39.9
4 36 48.2
4 37 42.5
4 38 47.7
4 39 49.3
4 40 46.9
4 41 36.6
4 42 34.7
4 43 35.1
4 44 32.2
4 45 37.3
4 46 37.9
4 47 36.0
4 48 33.2
4 49 38.6
4 50 34.0
4 51 37.5
5 0 18.1
5 1 18.1
5 2 3.0
5 3 3.6
5 4 2.0
5 5 0.0
5 6 3.0
5 7 2.2
5 8 2.8
5 9 4.0
5 10 4.4
5 11 7.2
5 12 7.0
5 13 24.0
5 14 21.1
5 15 26.2
5 16 25.0
5 17 27.8
5 18 25.0
5 19 27.8
5 20 29.5
5 21 21.6
5 22 20.0
5 23 21.2
5 24 19.1
5 25 24.7
5 26 23.3
5 27 21.4
5 28 24.8
5 29 23.0
5 30 28.4
5 31 25.5
5 32 45.9
5 33 42.5
5 34 44.0
5 35 41.0
5 36 49.5
5 37 43.5
5 38 48.8
5 39 50.4
5 40 47.8
5 41 38.6
5 42 36.6
5 43 37.1
5 44 34.2
5 45 39.2
5 46 39.8
5 47 37.9
5 48 35.1
5 49 40.4
5 50 35.8
5 51 39.3
6 0 15.1
6 1 15.1
6 2 4.2
6 3 5.8
6 4 1.0
6 5 3.0
6 6 0.0
6 7 4.4
6 8 2.2
6 9 5.0
6 10 6.4
6 11 7.0
6 12 8.0
6 13 26.2
6 14 22.3
6 15 28.2
6 16 26.6
6 17 29.7
6 18 26.0
6 19 28.7
6 20 30.8
6 21 19.2
6 22 17.6
6 23 19.1
6 24 17.2
6 25 22.6
6 26 21.4
6 27 19.7
6 28 23.0
6 29 21.4
6 30 26.6
6 31 24.1
6 32 43.8
6 33 40.6
6 34 42.2
6 35 39.4
6 36 47.6
6 37 42.0
6 38 47.1
6 39 48.8
6 40 46.5
6 41 35.6
6 42 33.7
6 43 34.2
6 44 31.3
6 45 36.4
6 46 37.0
6 47 35.1
6 48 32.3
6 49 37.6
6 50 33.1
6 51 36.6
7 0 19.0
7 1 19.0
7 2 5.0
7 3 5.0
7 4 3.6
7 5 2.2
7 6 4.4
7 7 0.0
7 8 3.0
7 9 2.2
7 10 2.2
7 11 5.8
7 12 5.0
7 13 21.9
7 14 18.9
7 15 24.0
7 16 22.8
7 17 25.6
7 18 22.8
7 19 25.7
7 20 27.3
7 21 21.4
7 22 19.7
7 23 20.8
7 24 18.4
7 25 24.2
7 26 22.6
7 27 20.5
7 28 24.0
7 29 22.0
7 30 27.5
7 31 24.4
7 32 45.3
7 33 41.7
7 34 43.1
7 35 40.0
7 36 48.7
7 37 42.4
7 38 47.8
7 39 49.4
7 40 46.6
7 41 39.3
7 42 37.3
7 43 37.6
7 44 34.7
7 45 39.8
7 46 40.2
7 47 38.3
7 48 35.4
7 49 40.8
7 50 36.0
7 51 39.5
8 0 16.0
8 1 16.0
8 2 5.3
8 3 6.4
8 4 2.0
8 5 2.8
8 6 2.2
8 7 3.0
8 8 0.0
8 9 2.8
8 10 4.4
8 11 5.0
8 12 5.8
8 13 24.2
8 14 20.1
8 15 26.1
8 16 24.4
8 17 27.5
8 18 23.7
8 19 26.5
8 20 28.6
8 21 18.8
8 22 17.2
8 23 18.4
8 24 16.2
8 25 21.9
8 26 20.5
8 27 18.6
8 28 22.0
8 29 20.2
8 30 25.6
8 31 22.8
8 32 43.1
8 33 39.6
8 34 41.2
8 35 38.2
8 36 46.7
8 37 40.8
8 38 46.0
8 39 47.7
8 40 45.1
8 41 36.3
8 42 34.3
8 43 34.7
8 44 31.7
8 45 36.8
8 46 37.3
8 47 35.4
8 48 32.5
8 49 37.9
8 50 33.2
8 51 36.7
9 0 18.1
9 1 18.1
9 2 7.0
9 3 7.2
9 4 4.4
9 5 4.0
9 6 5.0
9 7 2.2
9 8 2.8
9 9 0.0
9 10 2.0
9 11 3.6
9 12 3.1
9 13 21.4
9 14 17.4
9 15 23.3
9 16 21.6
9 17 24.7
9 18 21.1
9 19 24.0
9 20 25.9
9 21 19.6
9 22 17.8
9 23 18.8
9 24 16.4
9 25 22.2
9 26 20.6
9 27 18.3
9 28 21.9
9 29 19.8
9 30 25.4
9 31 22.2
9 32 43.2
9 33 39.5
9 34 41.0
9 35 37.8
9 36 46.6
9 37 40.2
9 38 45.6
9 39 47.2
9 40 44.4
9 41 38.1
9 42 36.1
9 43 36.3
9 44 33.3
9 45 38.4
9 46 38.8
9 47 36.8
9 48 33.9
9 49 39.2
9 50 34.4
9 51 37.9
10 0 20.0
10 1 20.0
10 2 7.2
10 3 7.0
10 4 5.6
10 5 4.4
10 6 6.4
10 7 2.2
10 8 4.4
10 9 2.0
10 10 0.0
10 11 5.0
10 12 3.1
10 13 19.8
10 14 16.7
10 15 21.9
10 16 20.5
10 17 23.4
10 18 20.6
10 19 23.5
10 20 25.0
10 21 21.5
10 22 19.6
10 23 20.5
10 24 18.0
10 25 23.8
10 26 22.2
10 27 19.8
10 28 23.4
10 29 21.2
10 30 26.9
10 31 23.4
10 32 44.8
10 33 41.0
10 34 42.4
10 35 39.0
10 36 48.1
10 37 41.4
10 38 46.8
10 39 48.4
10 40 45.4
10 41 40.1
10 42 38.1
10 43 38.3
10 44 35.3
10 45 40.4
10 46 40.7
10 47 38.8
10 48 35.9
10 49 41.2
10 50 36.4
10 51 39.8
11 0 16.7
11 1 16.7
11 2 10.1
11 3 10.7
11 4 7.0
11 5 7.2
11 6 7.0
11 7 5.8
11 8 5.0
11 9 3.6
11 10 5.0
11 11 0.0
11 12 3.0
11 13 21.4
11 14 15.8
11 15 23.0
11 16 20.5
11 17 24.2
11 18 19.2
11 19 21.9
11 20 24.4
11 21 16.7
11 22 14.8
11 23 15.6
11 24 13.0
11 25 18.8
11 26 17.2
11 27 14.8
11 28 18.4
11 29 16.2
11 30 21.9
11 31 18.6
11 32 39.8
11 33 36.0
11 34 37.4
11 35 34.2
11 36 43.1
11 37 36.6
11 38 42.0
11 39 43.6
11 40 40.8
11 41 36.0
11 42 34.0
11 43 34.0
11 44 31.0
11 45 36.1
11 46 36.3
11 47 34.3
11 48 31.4
11 49 36.6
11 50 31.7
11 51 35.1
12 0 19.6
12 1 19.6
12 2 10.0
12 3 10.0
12 4 7.6
12 5 7.0
12 6 8.0
12 7 5.0
12 8 5.8
12 9 3.1
12 10 3.1
12 11 3.0
12 12 0.0
12 13 18.8
12 14 14.3
12 15 20.6
12 16 18.6
12 17 21.9
12 18 18.0
12 19 20.8
12 20 22.8
12 21 19.6
12 22 17.7
12 23 18.3
12 24 15.6
12 25 21.4
12 26 19.7
12 27 17.2
12 28 20.8
12 29 18.4
12 30 24.2
12 31 20.5
12 32 42.2
12 33 38.2
12 34 39.6
12 35 36.1
12 36 45.3
12 37 38.4
12 38 43.9
12 39 45.4
12 40 42.4
12 41 39.0
12 42 37.0
12 43 37.0
12 44 34.0
12 45 39.1
12 46 39.3
12 47 37.3
12 48 34.3
12 49 39.6
12 50 34.7
12 51 38.0
13 0 38.0
13 1 38.0
13 2 26.2
13 3 25.0
13 4 25.4
13 5 24.0
13 6 26.2
13 7 21.9
13 8 24.2
13 9 21.4
13 10 19.8
13 11 21.4
13 12 18.8
13 13 0.0
13 14 10.4
13 15 3.0
13 16 7.0
13 17 5.0
13 18 12.2
13 19 14.1
13 20 11.1
13 21 35.3
13 22 33.3
13 23 33.1
13 24 30.1
13 25 35.0
13 26 33.0
13 27 30.0
13 28 33.0
13 29 30.0
13 30 35.3
13 31 30.4
13 32 52.2
13 33 47.4
13 34 48.1
13 35 43.4
13 36 53.8
13 37 44.7
13 38 50.5
13 39 51.4
13 40 47.1
13 41 55.9
13 42 53.9
13 43 53.6
13 44 50.6
13 45 55.4
13 46 55.2
13 47 53.2
13 48 50.2
13 49 55.0
13 50 50.0
13 51 53.0
14 0 30.8
14 1 30.8
14 2 24.0
14 3 23.5
14 4 21.9
14 5 21.1
14 6 22.3
14 7 18.9
14 8 20.1
14 9 17.4
14 10 16.7
14 11 15.8
14 12 14.3
14 13 10.4
14 14 0.0
14 15 10.0
14 16 5.3
14 17 10.1
14 18 4.0
14 19 7.0
14 20 8.6
14 21 26.2
14 22 24.3
14 23 23.7
14 24 20.8
14 25 25.1
14 26 23.1
14 27 20.2
14 28 23.0
14 29 20.0
14 30 25.0
14 31 20.0
14 32 41.7
14 33 37.0
14 34 37.6
14 35 33.1
14 36 43.4
14 37 34.4
14 38 40.3
14 39 41.3
14 40 37.2
14 41 46.8
14 42 44.9
14 43 44.3
14 44 41.4
14 45 46.0
14 46 45.7
14 47 43.7
14 48 40.7
14 49 45.3
14 50 40.4
14 51 43.1
15 0 39.3
15 1 39.3
15 2 28.6
15 3 27.4
15 4 27.5
15 5 26.2
15 6 28.2
15 7 24.0
15 8 26.1
15 9 23.3
15 10 21.9
15 11 23.0
15 12 20.6
15 13 3.0
15 14 10.0
15 15 0.0
15 16 5.3
15 17 2.0
15 18 10.7
15 19 12.2
15 20 8.6
15 21 35.9
15 22 33.9
15 23 33.5
15 24 30.5
15 25 35.1
15 26 33.1
15 27 30.1
15 28 33.0
15 29 30.0
15 30 35.0
15 31 30.0
15 32 51.4
15 33 46.5
15 34 47.1
15 35 42.3
15 36 52.8
15 37 43.4
15 38 49.2
15 39 50.0
15 40 45.6
15 41 56.5
15 42 54.5
15 43 54.1
15 44 51.1
15 45 55.9
15 46 55.5
15 47 53.6
15 48 50.6
15 49 55.3
15 50 50.3
15 51 53.1
16 0 36.0
16 1 36.0
16 2 27.7
16 3 26.9
16 4 26.0
16 5 25.0
16 6 26.6
16 7 22.8
16 8 24.4
16 9 21.6
16 10 20.5
16 11 20.5
16 12 18.6
16 13 7.0
16 14 5.3
16 15 5.3
16 16 0.0
16 17 5.0
16 18 5.3
16 19 7.0
16 20 5.0
16 21 31.6
16 22 29.7
16 23 29.1
16 24 26.2
16 25 30.4
16 26 28.4
16 27 25.4
16 28 28.1
16 29 25.1
16 30 30.0
16 31 25.0
16 32 46.0
16 33 41.2
16 34 41.7
16 35 37.0
16 36 47.4
16 37 38.0
16 38 43.8
16 39 44.7
16 40 40.3
16 41 52.2
16 42 50.2
16 43 49.7
16 44 46.8
16 45 51.4
16 46 50.9
16 47 49.0
16 48 46.0
16 49 50.6
16 50 45.7
16 51 48.3
17 0 40.3
17 1 40.3
17 2 30.2
17 3 29.1
17 4 29.0
17 5 27.8
17 6 29.7
17 7 25.6
17 8 27.5
17 9 24.7
17 10 23.4
17 11 24.2
17 12 21.9
17 13 5.0
17 14 10.1
17 15 2.0
17 16 5.0
17 17 0.0
17 18 10.1
17 19 11.1
17 20 7.0
17 21 36.4
17 22 34.4
17 23 33.9
17 24 31.0
17 25 35.3
17 26 33.3
17 27 30.4
17 28 33.1
17 29 30.1
17 30 35.0
17 31 30.0
17 32 50.9
17 33 46.0
17 34 46.5
17 35 41.7
17 36 52.2
17 37 42.7
17 38 48.4
17 39 49.2
17 40 44.7
17 41 57.0
17 42 55.0
17 43 54.5
17 44 51.6
17 45 56.2
17 46 55.9
17 47 53.9
17 48 50.9
17 49 55.5
17 50 50.6
17 51 53.3
18 0 33.3
18 1 33.3
18 2 27.8
18 3 27.4
18 4 25.6
18 5 25.0
18 6 26.0
18 7 22.8
18 8 23.7
18 9 21.1
18 10 20.6
18 11 19.2
18 12 18.0
18 13 12.2
18 14 4.0
18 15 10.7
18 16 5.3
18 17 10.1
18 18 0.0
18 19 3.0
18 20 5.8
18 21 27.7
18 22 25.9
18 23 25.0
18 24 22.3
18 25 25.9
18 26 24.0
18 27 21.1
18 28 23.5
18 29 20.6
18 30 25.0
18 31 20.0
18 32 40.7
18 33 35.9
18 34 36.4
18 35 31.6
18 36 42.0
18 37 32.6
18 38 38.4
18 39 39.3
18 40 34.9
18 41 48.1
18 42 46.2
18 43 45.5
18 44 42.7
18 45 47.1
18 46 46.5
18 47 44.6
18 48 41.7
18 49 46.0
18 50 41.2
18 51 43.7
19 0 35.3
19 1 35.3
19 2 30.8
19 3 30.4
19 4 28.4
19 5 27.8
19 6 28.7
19 7 25.7
19 8 26.5
19 9 24.0
19 10 23.5
19 11 21.9
19 12 20.8
19 13 14.1
19 14 7.0
19 15 12.2
19 16 7.0
19 17 11.1
19 18 3.0
19 19 0.0
19 20 5.0
19 21 29.1
19 22 27.4
19 23 26.4
19 24 23.8
19 25 26.9
19 26 25.0
19 27 22.3
19 28 24.3
19 29 21.5
19 30 25.4
19 31 20.6
19 32 40.3
19 33 35.3
19 34 35.6
19 35 30.8
19 36 41.2
19 37 31.6
19 38 37.3
19 39 38.0
19 40 33.5
19 41 49.2
19 42 47.4
19 43 46.6
19 44 43.8
19 45 48.1
19 46 47.4
19 47 45.5
19 48 42.7
19 49 46.8
19 50 42.0
19 51 44.3
20 0 39.0
20 1 39.0
20 2 32.3
20 3 31.6
20 4 30.4
20 5 29.5
20 6 30.8
20 7 27.3
20 8 28.6
20 9 25.9
20 10 25.0
20 11 24.4
20 12 22.8
20 13 11.1
20 14 8.6
20 15 8.6
20 16 5.0
20 17 7.0
20 18 5.8
20 19 5.0
20 20 0.0
20 21 33.5
20 22 31.7
20 23 30.8
20 24 28.1
20 25 31.6
20 26 29.7
20 27 26.9
20 28 29.1
20 29 26.2
20 30 30.4
20 31 25.4
20 32 45.2
20 33 40.3
20 34 40.6
20 35 35.6
20 36 46.0
20 37 36.4
20 38 42.0
20 39 42.7
20 40 38.0
20 41 53.8
20 42 52.0
20 43 51.2
20 44 48.4
20 45 52.8
20 46 52.2
20 47 50.2
20 48 47.4
20 49 51.6
20 50 46.8
20 51 49.2
21 0 10.0
21 1 10.0
21 2 23.4
21 3 25.0
21 4 20.0
21 5 21.6
21 6 19.2
21 7 21.4
21 8 18.8
21 9 19.6
21 10 21.5
21 11 16.7
21 12 19.6
21 13 35.3
21 14 26.2
21 15 35.9
21 16 31.6
21 17 36.4
21 18 27.7
21 19 29.1
21 20 33.5
21 21 0.0
21 22 2.0
21 23 2.8
21 24 5.3
21 25 5.0
21 26 5.3
21 27 7.0
21 28 7.2
21 29 8.6
21 30 10.0
21 31 11.1
21 32 25.0
21 33 22.3
21 34 24.1
21 35 22.5
21 36 29.1
21 37 25.4
21 38 29.7
21 39 31.6
21 40 30.4
21 41 20.6
21 42 18.6
21 43 18.2
21 44 15.2
21 45 20.0
21 46 20.0
21 47 18.0
21 48 15.0
21 49 20.0
21 50 15.1
21 51 18.4
22 0 10.1
22 1 10.1
22 2 21.9
22 3 23.4
22 4 18.4
22 5 20.0
22 6 17.6
22 7 19.7
22 8 17.2
22 9 17.8
22 10 19.6
22 11 14.8
22 12 17.7
22 13 33.3
22 14 24.3
22 15 33.9
22 16 29.7
22 17 34.4
22 18 25.9
22 19 27.4
22 20 31.7
22 21 2.0
22 22 0.0
22 23 2.0
22 24 3.6
22 25 5.3
22 26 5.0
22 27 5.8
22 28 7.0
22 29 7.6
22 30 10.1
22 31 10.4
22 32 26.2
22 33 23.3
22 34 25.0
22 35 23.0
22 36 30.2
22 37 25.9
22 38 30.4
22 39 32.3
22 40 30.8
22 41 22.5
22 42 20.6
22 43 20.2
22 44 17.2
22 45 22.0
22 46 22.0
22 47 20.0
22 48 17.0
22 49 22.0
22 50 17.1
22 51 20.3
23 0 12.1
23 1 12.1
23 2 23.3
23 3 24.7
23 4 19.7
23 5 21.2
23 6 19.1
23 7 20.8
23 8 18.4
23 9 18.8
23 10 20.5
23 11 15.6
23 12 18.3
23 13 33.1
23 14 23.7
23 15 33.5
23 16 29.1
23 17 33.9
23 18 25.0
23 19 26.4
23 20 30.8
23 21 2.8
23 22 2.0
23 23 0.0
23 24 3.0
23 25 3.6
23 26 3.0
23 27 4.2
23 28 5.0
23 29 5.8
23 30 8.2
23 31 8.5
23 32 24.7
23 33 21.6
23 34 23.3
23 35 21.1
23 36 28.6
23 37 24.0
23 38 28.6
23 39 30.4
23 40 28.8
23 41 23.0
23 42 21.1
23 43 20.6
23 44 17.7
23 45 22.3
23 46 22.0
23 47 20.0
23 48 17.1
23 49 22.0
23 50 17.0
23 51 20.0
24 0 13.0
24 1 13.0
24 2 21.4
24 3 22.6
24 4 17.8
24 5 19.1
24 6 17.2
24 7 18.4
24 8 16.2
24 9 16.4
24 10 18.0
24 11 13.0
24 12 15.6
24 13 30.1
24 14 20.8
24 15 30.5
24 16 26.2
24 17 31.0
24 18 22.3
24 19 23.8
24 20 28.1
24 21 5.3
24 22 3.6
24 23 3.0
24 24 0.0
24 25 5.8
24 26 4.2
24 27 3.0
24 28 5.8
24 29 5.0
24 30 9.4
24 31 8.0
24 32 26.9
24 33 23.4
24 34 25.0
24 35 22.3
24 36 30.4
24 37 25.0
24 38 30.0
24 39 31.7
24 40 29.7
24 41 25.9
24 42 24.0
24 43 23.5
24 44 20.6
24 45 25.3
24 46 25.0
24 47 23.0
24 48 20.0
24 49 25.0
24 50 20.0
24 51 23.0
25 0 15.0
25 1 15.0
25 2 26.9
25 3 28.2
25 4 23.3
25 5 24.7
25 6 22.6
25 7 24.2
25 8 21.9
25 9 22.2
25 10 23.8
25 11 18.8
25 12 21.4
25 13 35.0
25 14 25.1
25 15 35.1
25 16 30.4
25 17 35.3
25 18 25.9
25 19 26.9
25 20 31.6
25 21 5.0
25 22 5.3
25 23 3.6
25 24 5.8
25 25 0.0
25 26 2.0
25 27 5.0
25 28 2.8
25 29 5.3
25 30 5.0
25 31 7.0
25 32 21.2
25 33 18.0
25 34 19.7
25 35 17.7
25 36 25.0
25 37 20.6
25 38 25.0
25 39 26.9
25 40 25.4
25 41 22.3
25 42 20.5
25 43 19.6
25 44 17.0
25 45 21.1
25 46 20.6
25 47 18.6
25 48 15.8
25 49 20.2
25 50 15.2
25 51 18.0
26 0 15.1
26 1 15.1
26 2 25.6
26 3 26.9
26 4 22.0
26 5 23.3
26 6 21.4
26 7 22.6
26 8 20.5
26 9 20.6
26 10 22.2
26 11 17.2
26 12 19.7
26 13 33.0
26 14 23.1
26 15 33.1
26 16 28.4
26 17 33.3
26 18 24.0
26 19 25.0
26 20 29.7
26 21 5.3
26 22 5.0
26 23 3.0
26 24 4.2
26 25 2.0
26 26 0.0
26 27 3.0
26 28 2.0
26 29 3.6
26 30 5.3
26 31 5.8
26 32 22.6
26 33 19.2
26 34 20.8
26 35 18.3
26 36 26.2
26 37 21.1
26 38 25.9
26 39 27.7
26 40 25.9
26 41 24.1
26 42 22.3
26 43 21.5
26 44 18.7
26 45 23.0
26 46 22.5
26 47 20.6
26 48 17.7
26 49 22.2
26 50 17.2
26 51 20.0
27 0 15.8
27 1 15.8
27 2 23.8
27 3 25.0
27 4 20.2
27 5 21.4
27 6 19.7
27 7 20.5
27 8 18.6
27 9 18.3
27 10 19.8
27 11 14.8
27 12 17.2
27 13 30.0
27 14 20.2
27 15 30.1
27 16 25.4
27 17 30.4
27 18 21.1
27 19 22.3
27 20 26.9
27 21 7.0
27 22 5.8
27 23 4.2
27 24 3.0
27 25 5.0
27 26 3.0
27 27 0.0
27 28 3.6
27 29 2.0
27 30 7.0
27 31 5.0
27 32 25.0
27 33 21.2
27 34 22.6
27 35 19.7
27 36 28.2
27 37 22.3
27 38 27.4
27 39 29.1
27 40 26.9
27 41 26.9
27 42 25.0
27 43 24.3
27 44 21.5
27 45 25.9
27 46 25.4
27 47 23.5
27 48 20.6
27 49 25.1
27 50 20.2
27 51 23.0
28 0 17.1
28 1 17.1
28 2 27.2
28 3 28.4
28 4 23.6
28 5 24.8
28 6 23.0
28 7 24.0
28 8 22.0
28 9 21.9
28 10 23.4
28 11 18.4
28 12 20.8
28 13 33.0
28 14 23.0
28 15 33.0
28 16 28.1
28 17 33.1
28 18 23.5
28 19 24.3
28 20 29.1
28 21 7.2
28 22 7.0
28 23 5.0
28 24 5.8
28 25 2.8
28 26 2.0
28 27 3.6
28 28 0.0
28 29 3.0
28 30 3.6
28 31 4.2
28 32 21.4
28 33 17.6
28 34 19.2
28 35 16.5
28 36 24.7
28 37 19.3
28 38 24.1
28 39 25.9
28 40 24.0
28 41 25.0
28 42 23.3
28 43 22.3
28 44 19.7
28 45 23.7
28 46 23.0
28 47 21.1
28 48 18.3
28 49 22.5
28 50 17.7
28 51 20.2
29 0 17.7
29 1 17.7
29 2 25.5
29 3 26.6
29 4 21.9
29 5 23.0
29 6 21.4
29 7 22.0
29 8 20.2
29 9 19.8
29 10 21.2
29 11 16.2
29 12 18.4
29 13 30.0
29 14 20.0
29 15 30.0
29 16 25.1
29 17 30.1
29 18 20.6
29 19 21.5
29 20 26.2
29 21 8.6
29 22 7.6
29 23 5.8
29 24 5.0
29 25 5.3
29 26 3.6
29 27 2.0
29 28 3.0
29 29 0.0
29 30 5.8
29 31 3.0
29 32 23.8
29 33 19.8
29 34 21.2
29 35 18.0
29 36 26.9
29 37 20.5
29 38 25.8
29 39 27.4
29 40 25.0
29 41 27.7
29 42 25.9
29 43 25.0
29 44 22.3
29 45 26.5
29 46 25.9
29 47 24.0
29 48 21.1
29 49 25.4
29 50 20.6
29 51 23.1
30 0 20.0
30 1 20.0
30 2 30.8
30 3 32.0
30 4 27.2
30 5 28.4
30 6 26.6
30 7 27.5
30 8 25.6
30 9 25.4
30 10 26.9
30 11 21.9
30 12 24.2
30 13 35.3
30 14 25.0
30 15 35.0
30 16 30.0
30 17 35.0
30 18 25.0
30 19 25.4
30 20 30.4
30 21 10.0
30 22 10.1
30 23 8.2
30 24 9.4
30 25 5.0
30 26 5.3
30 27 7.0
30 28 3.6
30 29 5.8
30 30 0.0
30 31 5.0
30 32 18.0
30 33 14.1
30 34 15.6
30 35 13.0
30 36 21.2
30 37 15.8
30 38 20.5
30 39 22.3
30 40 20.6
30 41 25.0
30 42 23.4
30 43 22.2
30 44 19.8
30 45 23.3
30 46 22.3
30 47 20.5
30 48 18.0
30 49 21.5
30 50 17.0
30 51 18.9
31 0 20.6
31 1 20.6
31 2 28.1
31 3 29.1
31 4 24.5
31 5 25.5
31 6 24.1
31 7 24.4
31 8 22.8
31 9 22.2
31 10 23.4
31 11 18.6
31 12 20.5
31 13 30.4
31 14 20.0
31 15 30.0
31 16 25.0
31 17 30.0
31 18 20.0
31 19 20.6
31 20 25.4
31 21 11.1
31 22 10.4
31 23 8.5
31 24 8.0
31 25 7.0
31 26 5.8
31 27 5.0
31 28 4.2
31 29 3.0
31 30 5.0
31 31 0.0
31 32 22.3
31 33 18.0
31 34 19.2
31 35 15.6
31 36 25.0
31 37 18.0
31 38 23.4
31 39 25.0
31 40 22.3
31 41 29.1
31 42 27.4
31 43 26.4
31 44 23.8
31 45 27.7
31 46 26.9
31 47 25.0
31 48 22.3
31 49 26.2
31 50 21.5
31 51 23.7
32 0 33.5
32 1 33.5
32 2 48.1
32 3 49.4
32 4 44.5
32 5 45.9
32 6 43.8
32 7 45.3
32 8 43.1
32 9 43.2
32 10 44.8
32 11 39.8
32 12 42.2
32 13 52.2
32 14 41.7
32 15 51.4
32 16 46.0
32 17 50.9
32 18 40.7
32 19 40.3
32 20 45.2
32 21 25.0
32 22 26.2
32 23 24.7
32 24 26.9
32 25 21.2
32 26 22.6
32 27 25.0
32 28 21.4
32 29 23.8
32 30 18.0
32 31 22.3
32 32 0.0
32 33 5.0
32 34 5.3
32 35 10.1
32 36 5.0
32 37 11.1
32 38 9.4
32 39 11.1
32 40 14.1
32 41 25.4
32 42 25.1
32 43 23.1
32 44 23.0
32 45 22.5
32 46 20.6
32 47 20.2
32 48 20.0
32 49 18.6
32 50 18.0
32 51 16.2
33 0 31.6
33 1 31.6
33 2 44.8
33 3 46.0
33 4 41.2
33 5 42.5
33 6 40.6
33 7 41.7
33 8 39.6
33 9 39.5
33 10 41.0
33 11 36.0
33 12 38.2
33 13 47.4
33 14 37.0
33 15 46.5
33 16 41.2
33 17 46.0
33 18 35.9
33 19 35.3
33 20 40.3
33 21 22.3
33 22 23.3
33 23 21.6
33 24 23.4
33 25 18.0
33 26 19.2
33 27 21.2
33 28 17.6
33 29 19.8
33 30 14.1
33 31 18.0
33 32 5.0
33 33 0.0
33 34 2.0
33 35 5.3
33 36 7.0
33 37 7.0
33 38 8.0
33 39 10.0
33 40 11.1
33 41 26.9
33 42 26.2
33 43 24.3
33 44 23.5
33 45 24.1
33 46 22.3
33 47 21.5
33 48 20.6
33 49 20.5
33 50 18.6
33 51 17.8
34 0 33.5
34 1 33.5
34 2 46.4
34 3 47.6
34 4 42.8
34 5 44.0
34 6 42.2
34 7 43.1
34 8 41.2
34 9 41.0
34 10 42.4
34 11 37.4
34 12 39.6
34 13 48.1
34 14 37.6
34 15 47.1
34 16 41.7
34 17 46.5
34 18 36.4
34 19 35.6
34 20 40.6
34 21 24.1
34 22 25.0
34 23 23.3
34 24 25.0
34 25 19.7
34 26 20.8
34 27 22.6
34 28 19.2
34 29 21.2
34 30 15.6
34 31 19.2
34 32 5.3
34 33 2.0
34 34 0.0
34 35 5.0
34 36 5.8
34 37 5.8
34 38 6.0
34 39 8.0
34 40 9.4
34 41 28.7
34 42 28.1
34 43 26.2
34 44 25.4
34 45 26.0
34 46 24.1
34 47 23.4
34 48 22.5
34 49 22.3
34 50 20.6
34 51 19.6
35 0 32.3
35 1 32.3
35 2 43.5
35 3 44.6
35 4 39.9
35 5 41.0
35 6 39.4
35 7 40.0
35 8 38.2
35 9 37.8
35 10 39.0
35 11 34.2
35 12 36.1
35 13 43.4
35 14 33.1
35 15 42.3
35 16 37.0
35 17 41.7
35 18 31.6
35 19 30.8
35 20 35.6
35 21 22.5
35 22 23.0
35 23 21.1
35 24 22.3
35 25 17.7
35 26 18.3
35 27 19.7
35 28 16.5
35 29 18.0
35 30 13.0
35 31 15.6
35 32 10.1
35 33 5.3
35 34 5.0
35 35 0.0
35 36 10.4
35 37 3.0
35 38 7.8
35 39 9.4
35 40 8.0
35 41 30.8
35 42 29.9
35 43 28.1
35 44 26.9
35 45 28.3
35 46 26.6
35 47 25.5
35 48 24.1
35 49 25.0
35 50 22.3
35 51 22.2
36 0 38.0
36 1 38.0
36 2 51.8
36 3 53.1
36 4 48.2
36 5 49.5
36 6 47.6
36 7 48.7
36 8 46.7
36 9 46.6
36 10 48.1
36 11 43.1
36 12 45.3
36 13 53.8
36 14 43.4
36 15 52.8
36 16 47.4
36 17 52.2
36 18 42.0
36 19 41.2
36 20 46.0
36 21 29.1
36 22 30.2
36 23 28.6
36 24 30.4
36 25 25.0
36 26 26.2
36 27 28.2
36 28 24.7
36 29 26.9
36 30 21.2
36 31 25.0
36 32 5.0
36 33 7.0
36 34 5.8
36 35 10.4
36 36 0.0
36 37 10.0
36 38 5.8
36 39 7.0
36 40 11.1
36 41 30.4
36 42 30.1
36 43 28.1
36 44 28.0
36 45 27.4
36 46 25.4
36 47 25.1
36 48 25.0
36 49 23.5
36 50 23.0
36 51 21.2
37 0 35.3
37 1 35.3
37 2 46.1
37 3 47.1
37 4 42.5
37 5 43.5
37 6 42.0
37 7 42.4
37 8 40.8
37 9 40.2
37 10 41.4
37 11 36.6
37 12 38.4
37 13 44.7
37 14 34.4
37 15 43.4
37 16 38.0
37 17 42.7
37 18 32.6
37 19 31.6
37 20 36.4
37 21 25.4
37 22 25.9
37 23 24.0
37 24 25.0
37 25 20.6
37 26 21.1
37 27 22.3
37 28 19.3
37 29 20.5
37 30 15.8
37 31 18.0
37 32 11.1
37 33 7.0
37 34 5.8
37 35 3.0
37 36 10.0
37 37 0.0
37 38 5.8
37 39 7.0
37 40 5.0
37 41 33.5
37 42 32.6
37 43 30.8
37 44 29.7
37 45 30.8
37 46 29.1
37 47 28.1
37 48 26.9
37 49 27.4
37 50 25.0
37 51 24.6
38 0 39.2
38 1 39.2
38 2 51.3
38 3 52.4
38 4 47.7
38 5 48.8
38 6 47.1
38 7 47.8
38 8 46.0
38 9 45.6
38 10 46.8
38 11 42.0
38 12 43.9
38 13 50.5
38 14 40.3
38 15 49.2
38 16 43.8
38 17 48.4
38 18 38.4
38 19 37.3
38 20 42.0
38 21 29.7
38 22 30.4
38 23 28.6
38 24 30.0
38 25 25.0
38 26 25.9
38 27 27.4
38 28 24.1
38 29 25.8
38 30 20.5
38 31 23.4
38 32 9.4
38 33 8.0
38 34 6.0
38 35 7.8
38 36 5.8
38 37 5.8
38 38 0.0
38 39 2.0
38 40 5.3
38 41 34.4
38 42 33.9
38 43 32.0
38 44 31.4
38 45 31.6
38 46 29.7
38 47 29.1
38 48 28.4
38 49 27.8
38 50 26.4
38 51 25.2
39 0 41.2
39 1 41.2
39 2 53.0
39 3 54.0
39 4 49.3
39 5 50.4
39 6 48.8
39 7 49.4
39 8 47.7
39 9 47.2
39 10 48.4
39 11 43.6
39 12 45.4
39 13 51.4
39 14 41.3
39 15 50.0
39 16 44.7
39 17 49.2
39 18 39.3
39 19 38.0
39 20 42.7
39 21 31.6
39 22 32.3
39 23 30.4
39 24 31.7
39 25 26.9
39 26 27.7
39 27 29.1
39 28 25.9
39 29 27.4
39 30 22.3
39 31 25.0
39 32 11.1
39 33 10.0
39 34 8.0
39 35 9.4
39 36 7.0
39 37 7.0
39 38 2.0
39 39 0.0
39 40 5.0
39 41 36.4
39 42 35.9
39 43 33.9
39 44 33.3
39 45 33.5
39 46 31.6
39 47 31.0
39 48 30.4
39 49 29.7
39 50 28.4
39 51 27.2
40 0 40.3
40 1 40.3
40 2 50.5
40 3 51.4
40 4 46.9
40 5 47.8
40 6 46.5
40 7 46.6
40 8 45.1
40 9 44.4
40 10 45.4
40 11 40.8
40 12 42.4
40 13 47.1
40 14 37.2
40 15 45.6
40 16 40.3
40 17 44.7
40 18 34.9
40 19 33.5
40 20 38.0
40 21 30.4
40 22 30.8
40 23 28.8
40 24 29.7
40 25 25.4
40 26 25.9
40 27 26.9
40 28 24.0
40 29 25.0
40 30 20.6
40 31 22.3
40 32 14.1
40 33 11.1
40 34 9.4
40 35 8.0
40 36 11.1
40 37 5.0
40 38 5.3
40 39 5.0
40 40 0.0
40 41 38.0
40 42 37.3
40 43 35.4
40 44 34.4
40 45 35.3
40 46 33.5
40 47 32.6
40 48 31.6
40 49 31.7
40 50 29.7
40 51 29.0
41 0 20.6
41 1 20.6
41 2 39.2
41 3 41.2
41 4 36.6
41 5 38.6
41 6 35.6
41 7 39.3
41 8 36.3
41 9 38.1
41 10 40.1
41 11 36.0
41 12 39.0
41 13 55.9
41 14 46.8
41 15 56.5
41 16 52.2
41 17 57.0
41 18 48.1
41 19 49.2
41 20 53.8
41 21 20.6
41 22 22.5
41 23 23.0
41 24 25.9
41 25 22.3
41 26 24.1
41 27 26.9
41 28 25.0
41 29 27.7
41 30 25.0
41 31 29.1
41 32 25.4
41 33 26.9
41 34 28.7
41 35 30.8
41 36 30.4
41 37 33.5
41 38 34.4
41 39 36.4
41 40 38.0
41 41 0.0
41 42 2.0
41 43 2.8
41 44 5.3
41 45 3.0
41 46 5.0
41 47 5.3
41 48 7.0
41 49 7.0
41 50 8.6
41 51 9.2
42 0 18.6
42 1 18.6
42 2 37.3
42 3 39.2
42 4 34.7
42 5 36.6
42 6 33.7
42 7 37.3
42 8 34.3
42 9 36.1
42 10 38.1
42 11 34.0
42 12 37.0
42 13 53.9
42 14 44.9
42 15 54.5
42 16 50.2
42 17 55.0
42 18 46.2
42 19 47.4
42 20 52.0
42 21 18.6
42 22 20.6
42 23 21.1
42 24 24.0
42 25 20.5
42 26 22.3
42 27 25.0
42 28 23.3
42 29 25.9
42 30 23.4
42 31 27.4
42 32 25.1
42 33 26.2
42 34 28.1
42 35 29.9
42 36 30.1
42 37 32.6
42 38 33.9
42 39 35.9
42 40 37.3
42 41 2.0
42 42 0.0
42 43 2.0
42 44 3.6
42 45 3.6
42 46 5.3
42 47 5.0
42 48 5.8
42 49 7.2
42 50 7.6
42 51 9.0
43 0 19.3
43 1 19.3
43 2 37.9
43 3 39.8
43 4 35.1
43 5 37.1
43 6 34.2
43 7 37.6
43 8 34.7
43 9 36.3
43 10 38.3
43 11 34.0
43 12 37.0
43 13 53.6
43 14 44.3
43 15 54.1
43 16 49.7
43 17 54.5
43 18 45.5
43 19 46.6
43 20 51.2
43 21 18.2
43 22 20.2
43 23 20.6
43 24 23.5
43 25 19.6
43 26 21.5
43 27 24.3
43 28 22.3
43 29 25.0
43 30 22.2
43 31 26.4
43 32 23.1
43 33 24.3
43 34 26.2
43 35 28.1
43 36 28.1
43 37 30.8
43 38 32.0
43 39 33.9
43 40 35.4
43 41 2.8
43 42 2.0
43 43 0.0
43 44 3.0
43 45 2.2
43 46 3.6
43 47 3.0
43 48 4.2
43 49 5.3
43 50 5.8
43 51 7.0
44 0 16.5
44 1 16.5
44 2 35.1
44 3 37.0
44 4 32.2
44 5 34.2
44 6 31.3
44 7 34.7
44 8 31.7
44 9 33.3
44 10 35.3
44 11 31.0
44 12 34.0
44 13 50.6
44 14 41.4
44 15 51.1
44 16 46.8
44 17 51.6
44 18 42.7
44 19 43.8
44 20 48.4
44 21 15.2
44 22 17.2
44 23 17.7
44 24 20.6
44 25 17.0
44 26 18.7
44 27 21.5
44 28 19.7
44 29 22.3
44 30 19.8
44 31 23.8
44 32 23.0
44 33 23.5
44 34 25.4
44 35 26.9
44 36 28.0
44 37 29.7
44 38 31.4
44 39 33.3
44 40 34.4
44 41 5.3
44 42 3.6
44 43 3.0
44 44 0.0
44 45 5.0
44 46 5.8
44 47 4.2
44 48 3.0
44 49 7.0
44 50 5.0
44 51 7.6
45 0 21.5
45 1 21.5
45 2 40.1
45 3 42.0
45 4 37.3
45 5 39.2
45 6 36.4
45 7 39.8
45 8 36.8
45 9 38.4
45 10 40.4
45 11 36.1
45 12 39.1
45 13 55.4
45 14 46.0
45 15 55.9
45 16 51.4
45 17 56.2
45 18 47.1
45 19 48.1
45 20 52.8
45 21 20.0
45 22 22.0
45 23 22.3
45 24 25.3
45 25 21.1
45 26 23.0
45 27 25.9
45 28 23.7
45 29 26.5
45 30 23.3
45 31 27.7
45 32 22.5
45 33 24.1
45 34 26.0
45 35 28.3
45 36 27.4
45 37 30.8
45 38 31.6
45 39 33.5
45 40 35.3
45 41 3.0
45 42 3.6
45 43 2.2
45 44 5.0
45 45 0.0
45 46 2.0
45 47 2.8
45 48 5.3
45 49 4.0
45 50 6.4
45 51 6.3
46 0 22.3
46 1 22.3
46 2 40.8
46 3 42.7
46 4 37.9
46 5 39.8
46 6 37.0
46 7 40.2
46 8 37.3
46 9 38.8
46 10 40.7
46 11 36.3
46 12 39.3
46 13 55.2
46 14 45.7
46 15 55.5
46 16 50.9
46 17 55.9
46 18 46.5
46 19 47.4
46 20 52.2
46 21 20.0
46 22 22.0
46 23 22.0
46 24 25.0
46 25 20.6
46 26 22.5
46 27 25.4
46 28 23.0
46 29 25.9
46 30 22.3
46 31 26.9
46 32 20.6
46 33 22.3
46 34 24.1
46 35 26.6
46 36 25.4
46 37 29.1
46 38 29.7
46 39 31.6
46 40 33.5
46 41 5.0
46 42 5.3
46 43 3.6
46 44 5.8
46 45 2.0
46 46 0.0
46 47 2.0
46 48 5.0
46 49 2.0
46 50 5.3
46 51 4.4
47 0 20.5
47 1 20.5
47 2 39.0
47 3 40.8
47 4 36.0
47 5 37.9
47 6 35.1
47 7 38.3
47 8 35.4
47 9 36.8
47 10 38.8
47 11 34.3
47 12 37.3
47 13 53.2
47 14 43.7
47 15 53.6
47 16 49.0
47 17 53.9
47 18 44.6
47 19 45.5
47 20 50.2
47 21 18.0
47 22 20.0
47 23 20.0
47 24 23.0
47 25 18.6
47 26 20.6
47 27 23.5
47 28 21.1
47 29 24.0
47 30 20.5
47 31 25.0
47 32 20.2
47 33 21.5
47 34 23.4
47 35 25.5
47 36 25.1
47 37 28.1
47 38 29.1
47 39 31.0
47 40 32.6
47 41 5.3
47 42 5.0
47 43 3.0
47 44 4.2
47 45 2.8
47 46 2.0
47 47 0.0
47 48 3.0
47 49 2.8
47 50 3.6
47 51 4.0
48 0 18.0
48 1 18.0
48 2 36.2
48 3 38.0
48 4 33.2
48 5 35.1
48 6 32.3
48 7 35.4
48 8 32.5
48 9 33.9
48 10 35.9
48 11 31.4
48 12 34.3
48 13 50.2
48 14 40.7
48 15 50.6
48 16 46.0
48 17 50.9
48 18 41.7
48 19 42.7
48 20 47.4
48 21 15.0
48 22 17.0
48 23 17.1
48 24 20.0
48 25 15.8
48 26 17.7
48 27 20.6
48 28 18.3
48 29 21.1
48 30 18.0
48 31 22.3
48 32 20.0
48 33 20.6
48 34 22.5
48 35 24.1
48 36 25.0
48 37 26.9
48 38 28.4
48 39 30.4
48 40 31.6
48 41 7.0
48 42 5.8
48 43 4.2
48 44 3.0
48 45 5.3
48 46 5.0
48 47 3.0
48 48 0.0
48 49 5.3
48 50 2.0
48 51 5.0
49 0 23.3
49 1 23.3
49 2 41.6
49 3 43.4
49 4 38.6
49 5 40.4
49 6 37.6
49 7 40.8
49 8 37.9
49 9 39.2
49 10 41.2
49 11 36.6
49 12 39.6
49 13 55.0
49 14 45.3
49 15 55.3
49 16 50.6
49 17 55.5
49 18 46.0
49 19 46.8
49 20 51.6
49 21 20.0
49 22 22.0
49 23 22.0
49 24 25.0
49 25 20.2
49 26 22.2
49 27 25.1
49 28 22.5
49 29 25.4
49 30 21.5
49 31 26.2
49 32 18.6
49 33 20.5
49 34 22.3
49 35 25.0
49 36 23.5
49 37 27.4
49 38 27.8
49 39 29.7
49 40 31.7
49 41 7.0
49 42 7.2
49 43 5.3
49 44 7.0
49 45 4.0
49 46 2.0
49 47 2.8
49 48 5.3
49 49 0.0
49 50 5.0
49 51 2.8
50 0 19.2
50 1 19.2
50 2 37.1
50 3 38.9
50 4 34.0
50 5 35.8
50 6 33.1
50 7 36.0
50 8 33.2
50 9 34.4
50 10 36.4
50 11 31.7
50 12 34.7
50 13 50.0
50 14 40.4
50 15 50.3
50 16 45.7
50 17 50.6
50 18 41.2
50 19 42.0
50 20 46.8
50 21 15.1
50 22 17.1
50 23 17.0
50 24 20.0
50 25 15.2
50 26 17.2
50 27 20.2
50 28 17.7
50 29 20.6
50 30 17.0
50 31 21.5
50 32 18.0
50 33 18.6
50 34 20.6
50 35 22.3
50 36 23.0
50 37 25.0
50 38 26.4
50 39 28.4
50 40 29.7
50 41 8.6
50 42 7.6
50 43 5.8
50 44 5.0
50 45 6.4
50 46 5.3
50 47 3.6
50 48 2.0
50 49 5.0
50 50 0.0
50 51 3.6
51 0 22.8
51 1 22.8
51 2 40.7
51 3 42.4
51 4 37.5
51 5 39.3
51 6 36.6
51 7 39.5
51 8 36.7
51 9 37.9
51 10 39.8
51 11 35.1
51 12 38.0
51 13 53.0
51 14 43.1
51 15 53.1
51 16 48.3
51 17 53.3
51 18 43.7
51 19 44.3
51 20 49.2
51 21 18.4
51 22 20.3
51 23 20.0
51 24 23.0
51 25 18.0
51 26 20.0
51 27 23.0
51 28 20.2
51 29 23.1
51 30 18.9
51 31 23.7
51 32 16.2
51 33 17.8
51 34 19.6
51 35 22.2
51 36 21.2
51 37 24.6
51 38 25.2
51 39 27.2
51 40 29.0
51 41 9.2
51 42 9.0
51 43 7.0
51 44 7.6
51 45 6.3
51 46 4.4
51 47 4.0
51 48 5.0
51 49 2.8
51 50 3.6
51 51 0.0
