#nbCustomers
25
#nbParkings
1
#nbCentralDepots
1
#nbVehicles
2
#nbProducts
1
#parking info (nk ep lp)
2 0 3390
#central depot info(ed, ld, waittingTime, loadingTimeperUnit)
0 3390 0 0
#vehicle info(ek, lk, ck lower, ck upper, qk, costRate)
0 3390 0 700 1 1
0 3390 0 700 1 1
#weight of products (wp)
1
#customer demand (quantity, quantity, quantity,... nbProducts)
10
30
10
10
10
20
20
20
10
10
10
20
30
10
40
40
20
20
10
10
20
20
10
10
40
#customer info(ei, li, waittingTime, unloadingTimePerUnit)
311 471 90 0
213 373 90 0
1167 1327 90 0
1261 1421 90 0
25 185 90 0
497 657 90 0
1073 1233 90 0
2887 3047 90 0
2601 2761 90 0
2791 2951 90 0
2698 2858 90 0
2119 2279 90 0
2405 2565 90 0
2026 2186 90 0
2216 2376 90 0
1934 2094 90 0
2311 2471 90 0
1742 1902 90 0
1837 1997 90 0
10 170 90 0
2983 3143 90 0
22 182 90 0
1643 1803 90 0
116 276 90 0
2504 2664 90 0
#vehicle - product (restrictly bkp) = 1: vh can carry
1
1
#vehicles - customer (restrictly rki) = 1: vh can go to cus
1 1 1 1 1 1 1 1 1 1 1 1 1 1 1 1 1 1 1 1 1 1 1 1 1
1 1 1 1 1 1 1 1 1 1 1 1 1 1 1 1 1 1 1 1 1 1 1 1 1
#vehicle - remain customers = 1: remain
0 0 0 0 0 0 0 0 0 0 0 0 0 0 0 0 0 0 0 0 0 0 0 0 0
0 0 0 0 0 0 0 0 0 0 0 0 0 0 0 0 0 0 0 0 0 0 0 0 0
#travel time matrix:[from to travelTime]
729
0 0 0.0
0 1 0.0
0 2 27.7
0 3 20.6
0 4 29.0
0 5 25.6
0 6 15.1
0 7 25.2
0 8 26.9
0 9 11.6
0 10 23.3
0 11 16.7
0 12 19.6
0 13 38.0
0 14 30.8
0 15 39.3
0 16 36.0
0 17 40.3
0 18 33.3
0 19 35.3
0 20 39.0
0 21 10.0
0 22 11.6
0 23 12.1
0 24 30.5
0 25 15.0
0 26 24.0
1 0 0.0
1 1 0.0
1 2 27.7
1 3 20.6
1 4 29.0
1 5 25.6
1 6 15.1
1 7 25.2
1 8 26.9
1 9 11.6
1 10 23.3
1 11 16.7
1 12 19.6
1 13 38.0
1 14 30.8
1 15 39.3
1 16 36.0
1 17 40.3
1 18 33.3
1 19 35.3
1 20 39.0
1 21 10.0
1 22 11.6
1 23 12.1
1 24 30.5
1 25 15.0
1 26 24.0
2 0 27.7
2 1 27.7
2 2 0.0
2 3 8.6
2 4 11.6
2 5 12.0
2 6 14.1
2 7 48.8
2 8 7.8
2 9 23.4
2 10 24.5
2 11 19.2
2 12 18.0
2 13 28.7
2 14 30.0
2 15 31.6
2 16 32.3
2 17 33.5
2 18 34.0
2 19 37.0
2 20 37.3
2 21 33.3
2 22 29.0
2 23 33.2
2 24 39.0
2 25 36.7
2 26 31.3
3 0 20.6
3 1 20.6
3 2 8.6
3 3 0.0
3 4 17.0
3 5 15.5
3 6 5.8
3 7 40.3
3 8 13.0
3 9 14.8
3 10 17.0
3 11 10.7
3 12 10.0
3 13 25.0
3 14 23.5
3 15 27.4
3 16 26.9
3 17 29.1
3 18 27.4
3 19 30.4
3 20 31.6
3 21 25.0
3 22 20.5
3 23 24.7
3 24 31.2
3 25 28.2
3 26 23.3
4 0 29.0
4 1 29.0
4 2 11.6
4 3 17.0
4 4 0.0
4 5 3.6
4 6 20.3
4 7 53.3
4 8 4.1
4 9 29.4
4 10 34.0
4 11 27.1
4 12 27.0
4 13 40.3
4 14 40.4
4 15 43.0
4 16 43.4
4 17 44.9
4 18 44.4
4 19 47.3
4 20 48.2
4 21 37.2
4 22 34.5
4 23 38.0
4 24 48.0
4 25 41.5
4 26 40.1
5 0 25.6
5 1 25.6
5 2 12.0
5 3 15.5
5 4 3.6
5 5 0.0
5 6 18.0
5 7 50.1
5 8 4.4
5 9 26.6
5 10 32.2
5 11 25.0
5 12 25.1
5 13 39.8
5 14 39.0
5 15 42.4
5 16 42.3
5 17 44.2
5 18 42.9
5 19 45.8
5 20 47.1
5 21 34.0
5 22 31.6
5 23 34.9
5 24 46.0
5 25 38.4
5 26 38.0
6 0 15.1
6 1 15.1
6 2 14.1
6 3 5.8
6 4 20.3
6 5 18.0
6 6 0.0
6 7 34.7
6 8 16.7
6 9 9.4
6 10 14.8
6 11 7.0
6 12 8.0
6 13 26.2
6 14 22.3
6 15 28.2
6 16 26.6
6 17 29.7
6 18 26.0
6 19 28.7
6 20 30.8
6 21 19.2
6 22 15.0
6 23 19.1
6 24 28.0
6 25 22.6
6 26 20.0
7 0 25.2
7 1 25.2
7 2 48.8
7 3 40.3
7 4 53.3
7 5 50.1
7 6 34.7
7 7 0.0
7 8 50.4
7 9 25.4
7 10 30.4
7 11 30.6
7 12 33.0
7 13 43.9
7 14 33.5
7 15 43.4
7 16 38.2
7 17 43.1
7 18 33.0
7 19 33.0
7 20 38.0
7 21 16.1
7 22 19.7
7 23 15.6
7 24 24.0
7 25 12.0
7 26 24.7
8 0 26.9
8 1 26.9
8 2 7.8
8 3 13.0
8 4 4.1
8 5 4.4
8 6 16.7
8 7 50.4
8 8 0.0
8 9 26.0
8 10 30.0
8 11 23.3
8 12 23.0
8 13 36.2
8 14 36.3
8 15 39.0
8 16 39.2
8 17 40.8
8 18 40.3
8 19 43.2
8 20 44.1
8 21 34.4
8 22 31.3
8 23 34.9
8 24 44.1
8 25 38.5
8 26 36.2
9 0 11.6
9 1 11.6
9 2 23.4
9 3 14.8
9 4 29.4
9 5 26.6
9 6 9.4
9 7 25.4
9 8 26.0
9 9 0.0
9 10 11.6
9 11 6.0
9 12 9.0
9 13 26.5
9 14 19.2
9 15 27.7
9 16 24.4
9 17 28.6
9 18 21.9
9 19 24.2
9 20 27.5
9 21 10.7
9 22 5.6
9 23 10.0
9 24 20.8
9 25 13.4
9 26 13.4
10 0 23.3
10 1 23.3
10 2 24.5
10 3 17.0
10 4 34.0
10 5 32.2
10 6 14.8
10 7 30.4
10 8 30.0
10 9 11.6
10 10 0.0
10 11 8.0
10 12 7.0
10 13 15.2
10 14 7.8
10 15 16.1
10 16 12.8
10 17 17.0
10 18 11.1
10 19 13.9
10 20 16.4
10 21 20.0
10 22 14.1
10 23 18.0
10 24 14.5
10 25 20.2
10 26 7.2
11 0 16.7
11 1 16.7
11 2 19.2
11 3 10.7
11 4 27.1
11 5 25.0
11 6 7.0
11 7 30.6
11 8 23.3
11 9 6.0
11 10 8.0
11 11 0.0
11 12 3.0
11 13 21.4
11 14 15.8
11 15 23.0
11 16 20.5
11 17 24.2
11 18 19.2
11 19 21.9
11 20 24.4
11 21 16.7
11 22 11.1
11 23 15.6
11 24 21.0
11 25 18.8
11 26 13.0
12 0 19.6
12 1 19.6
12 2 18.0
12 3 10.0
12 4 27.0
12 5 25.1
12 6 8.0
12 7 33.0
12 8 23.0
12 9 9.0
12 10 7.0
12 11 3.0
12 12 0.0
12 13 18.8
12 14 14.3
12 15 20.6
12 16 18.6
12 17 21.9
12 18 18.0
12 19 20.8
12 20 22.8
12 21 19.6
12 22 13.9
12 23 18.3
12 24 21.2
12 25 21.4
12 26 13.3
13 0 38.0
13 1 38.0
13 2 28.7
13 3 25.0
13 4 40.3
13 5 39.8
13 6 26.2
13 7 43.9
13 8 36.2
13 9 26.5
13 10 15.2
13 11 21.4
13 12 18.8
13 13 0.0
13 14 10.4
13 15 3.0
13 16 7.0
13 17 5.0
13 18 12.2
13 19 14.1
13 20 11.1
13 21 35.3
13 22 29.4
13 23 33.1
13 24 21.9
13 25 35.0
13 26 19.2
14 0 30.8
14 1 30.8
14 2 30.0
14 3 23.5
14 4 40.4
14 5 39.0
14 6 22.3
14 7 33.5
14 8 36.3
14 9 19.2
14 10 7.8
14 11 15.8
14 12 14.3
14 13 10.4
14 14 0.0
14 15 10.0
14 16 5.3
14 17 10.1
14 18 4.0
14 19 7.0
14 20 8.6
14 21 26.2
14 22 20.6
14 23 23.7
14 24 12.0
14 25 25.1
14 26 9.0
15 0 39.3
15 1 39.3
15 2 31.6
15 3 27.4
15 4 43.0
15 5 42.4
15 6 28.2
15 7 43.4
15 8 39.0
15 9 27.7
15 10 16.1
15 11 23.0
15 12 20.6
15 13 3.0
15 14 10.0
15 15 0.0
15 16 5.3
15 17 2.0
15 18 10.7
15 19 12.2
15 20 8.6
15 21 35.9
15 22 30.0
15 23 33.5
15 24 20.6
15 25 35.1
15 26 19.0
16 0 36.0
16 1 36.0
16 2 32.3
16 3 26.9
16 4 43.4
16 5 42.3
16 6 26.6
16 7 38.2
16 8 39.2
16 9 24.4
16 10 12.8
16 11 20.5
16 12 18.6
16 13 7.0
16 14 5.3
16 15 5.3
16 16 0.0
16 17 5.0
16 18 5.3
16 19 7.0
16 20 5.0
16 21 31.6
16 22 26.0
16 23 29.1
16 24 15.2
16 25 30.4
16 26 14.1
17 0 40.3
17 1 40.3
17 2 33.5
17 3 29.1
17 4 44.9
17 5 44.2
17 6 29.7
17 7 43.1
17 8 40.8
17 9 28.6
17 10 17.0
17 11 24.2
17 12 21.9
17 13 5.0
17 14 10.1
17 15 2.0
17 16 5.0
17 17 0.0
17 18 10.1
17 19 11.1
17 20 7.0
17 21 36.4
17 22 30.6
17 23 33.9
17 24 19.9
17 25 35.3
17 26 19.1
18 0 33.3
18 1 33.3
18 2 34.0
18 3 27.4
18 4 44.4
18 5 42.9
18 6 26.0
18 7 33.0
18 8 40.3
18 9 21.9
18 10 11.1
18 11 19.2
18 12 18.0
18 13 12.2
18 14 4.0
18 15 10.7
18 16 5.3
18 17 10.1
18 18 0.0
18 19 3.0
18 20 5.8
18 21 27.7
18 22 22.4
18 23 25.0
18 24 9.8
18 25 25.9
18 26 9.8
19 0 35.3
19 1 35.3
19 2 37.0
19 3 30.4
19 4 47.3
19 5 45.8
19 6 28.7
19 7 33.0
19 8 43.2
19 9 24.2
19 10 13.9
19 11 21.9
19 12 20.8
19 13 14.1
19 14 7.0
19 15 12.2
19 16 7.0
19 17 11.1
19 18 3.0
19 19 0.0
19 20 5.0
19 21 29.1
19 22 24.2
19 23 26.4
19 24 9.0
19 25 26.9
19 26 11.4
20 0 39.0
20 1 39.0
20 2 37.3
20 3 31.6
20 4 48.2
20 5 47.1
20 6 30.8
20 7 38.0
20 8 44.1
20 9 27.5
20 10 16.4
20 11 24.4
20 12 22.8
20 13 11.1
20 14 8.6
20 15 8.6
20 16 5.0
20 17 7.0
20 18 5.8
20 19 5.0
20 20 0.0
20 21 33.5
20 22 28.3
20 23 30.8
20 24 14.0
20 25 31.6
20 26 15.6
21 0 10.0
21 1 10.0
21 2 33.3
21 3 25.0
21 4 37.2
21 5 34.0
21 6 19.2
21 7 16.1
21 8 34.4
21 9 10.7
21 10 20.0
21 11 16.7
21 12 19.6
21 13 35.3
21 14 26.2
21 15 35.9
21 16 31.6
21 17 36.4
21 18 27.7
21 19 29.1
21 20 33.5
21 21 0.0
21 22 6.0
21 23 2.8
21 24 22.6
21 25 5.0
21 26 17.8
22 0 11.6
22 1 11.6
22 2 29.0
22 3 20.5
22 4 34.5
22 5 31.6
22 6 15.0
22 7 19.7
22 8 31.3
22 9 5.6
22 10 14.1
22 11 11.1
22 12 13.9
22 13 29.4
22 14 20.6
22 15 30.0
22 16 26.0
22 17 30.6
22 18 22.4
22 19 24.2
22 20 28.3
22 21 6.0
22 22 0.0
22 23 4.4
22 24 18.8
22 25 7.8
22 26 12.8
23 0 12.1
23 1 12.1
23 2 33.2
23 3 24.7
23 4 38.0
23 5 34.9
23 6 19.1
23 7 15.6
23 8 34.9
23 9 10.0
23 10 18.0
23 11 15.6
23 12 18.3
23 13 33.1
23 14 23.7
23 15 33.5
23 16 29.1
23 17 33.9
23 18 25.0
23 19 26.4
23 20 30.8
23 21 2.8
23 22 4.4
23 23 0.0
23 24 19.7
23 25 3.6
23 26 15.2
24 0 30.5
24 1 30.5
24 2 39.0
24 3 31.2
24 4 48.0
24 5 46.0
24 6 28.0
24 7 24.0
24 8 44.1
24 9 20.8
24 10 14.5
24 11 21.0
24 12 21.2
24 13 21.9
24 14 12.0
24 15 20.6
24 16 15.2
24 17 19.9
24 18 9.8
24 19 9.0
24 20 14.0
24 21 22.6
24 22 18.8
24 23 19.7
24 24 0.0
24 25 19.4
24 26 8.0
25 0 15.0
25 1 15.0
25 2 36.7
25 3 28.2
25 4 41.5
25 5 38.4
25 6 22.6
25 7 12.0
25 8 38.5
25 9 13.4
25 10 20.2
25 11 18.8
25 12 21.4
25 13 35.0
25 14 25.1
25 15 35.1
25 16 30.4
25 17 35.3
25 18 25.9
25 19 26.9
25 20 31.6
25 21 5.0
25 22 7.8
25 23 3.6
25 24 19.4
25 25 0.0
25 26 16.2
26 0 24.0
26 1 24.0
26 2 31.3
26 3 23.3
26 4 40.1
26 5 38.0
26 6 20.0
26 7 24.7
26 8 36.2
26 9 13.4
26 10 7.2
26 11 13.0
26 12 13.3
26 13 19.2
26 14 9.0
26 15 19.0
26 16 14.1
26 17 19.1
26 18 9.8
26 19 11.4
26 20 15.6
26 21 17.8
26 22 12.8
26 23 15.2
26 24 8.0
26 25 16.2
26 26 0.0
