#nbCustomers
50
#nbParkings
1
#nbCentralDepots
1
#nbVehicles
3
#nbProducts
1
#parking info (nk ep lp)
3 0 3390
#central depot info(ed, ld, waittingTime, loadingTimeperUnit)
0 3390 0 0
#vehicle info(ek, lk, ck lower, ck upper, qk, costRate)
0 3390 0 700 1 1
0 3390 0 700 1 1
0 3390 0 700 1 1
#weight of products (wp)
1
#customer demand (quantity, quantity, quantity,... nbProducts)
10
30
10
10
10
20
20
20
10
10
10
20
30
10
40
40
20
20
10
10
20
20
10
10
40
10
10
20
10
10
20
30
40
20
10
10
20
30
20
10
10
20
10
10
10
30
10
10
10
10
#customer info(ei, li, waittingTime, unloadingTimePerUnit)
311 471 90 0
213 373 90 0
1167 1327 90 0
1261 1421 90 0
25 185 90 0
497 657 90 0
1073 1233 90 0
2887 3047 90 0
2601 2761 90 0
2791 2951 90 0
2698 2858 90 0
2119 2279 90 0
2405 2565 90 0
2026 2186 90 0
2216 2376 90 0
1934 2094 90 0
2311 2471 90 0
1742 1902 90 0
1837 1997 90 0
10 170 90 0
2983 3143 90 0
22 182 90 0
1643 1803 90 0
116 276 90 0
2504 2664 90 0
1545 1705 90 0
209 369 90 0
1447 1607 90 0
398 558 90 0
303 463 90 0
781 941 90 0
593 753 90 0
685 845 90 0
1346 1506 90 0
876 1036 90 0
1253 1413 90 0
971 1131 90 0
1063 1223 90 0
1158 1318 90 0
1819 1979 90 0
2758 2918 90 0
2666 2826 90 0
2573 2733 90 0
1913 2073 90 0
2105 2265 90 0
2009 2169 90 0
2480 2640 90 0
2856 3016 90 0
967 1127 90 0
2292 2452 90 0
#vehicle - product (restrictly bkp) = 1: vh can carry
1
1
1
#vehicles - customer (restrictly rki) = 1: vh can go to cus
1 1 1 1 1 1 1 1 1 1 1 1 1 1 1 1 1 1 1 1 1 1 1 1 1 1 1 1 1 1 1 1 1 1 1 1 1 1 1 1 1 1 1 1 1 1 1 1 1 1
1 1 1 1 1 1 1 1 1 1 1 1 1 1 1 1 1 1 1 1 1 1 1 1 1 1 1 1 1 1 1 1 1 1 1 1 1 1 1 1 1 1 1 1 1 1 1 1 1 1
1 1 1 1 1 1 1 1 1 1 1 1 1 1 1 1 1 1 1 1 1 1 1 1 1 1 1 1 1 1 1 1 1 1 1 1 1 1 1 1 1 1 1 1 1 1 1 1 1 1
#vehicle - remain customers = 1: remain
0 0 0 0 0 0 0 0 0 0 0 0 0 0 0 0 0 0 0 0 0 0 0 0 0 0 0 0 0 0 0 0 0 0 0 0 0 0 0 0 0 0 0 0 0 0 0 0 0 0
0 0 0 0 0 0 0 0 0 0 0 0 0 0 0 0 0 0 0 0 0 0 0 0 0 0 0 0 0 0 0 0 0 0 0 0 0 0 0 0 0 0 0 0 0 0 0 0 0 0
0 0 0 0 0 0 0 0 0 0 0 0 0 0 0 0 0 0 0 0 0 0 0 0 0 0 0 0 0 0 0 0 0 0 0 0 0 0 0 0 0 0 0 0 0 0 0 0 0 0
#travel time matrix:[from to travelTime]
2704
0 0 0.0
0 1 0.0
0 2 27.7
0 3 20.6
0 4 29.0
0 5 25.6
0 6 15.1
0 7 25.2
0 8 26.9
0 9 11.6
0 10 23.3
0 11 16.7
0 12 19.6
0 13 38.0
0 14 30.8
0 15 39.3
0 16 36.0
0 17 40.3
0 18 33.3
0 19 35.3
0 20 39.0
0 21 10.0
0 22 11.6
0 23 12.1
0 24 30.5
0 25 15.0
0 26 24.0
0 27 34.1
0 28 17.1
0 29 36.3
0 30 20.0
0 31 20.6
0 32 33.5
0 33 31.6
0 34 33.5
0 35 32.3
0 36 38.0
0 37 35.3
0 38 39.2
0 39 41.2
0 40 40.3
0 41 32.2
0 42 18.6
0 43 19.3
0 44 16.5
0 45 31.0
0 46 22.3
0 47 25.7
0 48 18.0
0 49 10.7
0 50 31.0
0 51 22.8
1 0 0.0
1 1 0.0
1 2 27.7
1 3 20.6
1 4 29.0
1 5 25.6
1 6 15.1
1 7 25.2
1 8 26.9
1 9 11.6
1 10 23.3
1 11 16.7
1 12 19.6
1 13 38.0
1 14 30.8
1 15 39.3
1 16 36.0
1 17 40.3
1 18 33.3
1 19 35.3
1 20 39.0
1 21 10.0
1 22 11.6
1 23 12.1
1 24 30.5
1 25 15.0
1 26 24.0
1 27 34.1
1 28 17.1
1 29 36.3
1 30 20.0
1 31 20.6
1 32 33.5
1 33 31.6
1 34 33.5
1 35 32.3
1 36 38.0
1 37 35.3
1 38 39.2
1 39 41.2
1 40 40.3
1 41 32.2
1 42 18.6
1 43 19.3
1 44 16.5
1 45 31.0
1 46 22.3
1 47 25.7
1 48 18.0
1 49 10.7
1 50 31.0
1 51 22.8
2 0 27.7
2 1 27.7
2 2 0.0
2 3 8.6
2 4 11.6
2 5 12.0
2 6 14.1
2 7 48.8
2 8 7.8
2 9 23.4
2 10 24.5
2 11 19.2
2 12 18.0
2 13 28.7
2 14 30.0
2 15 31.6
2 16 32.3
2 17 33.5
2 18 34.0
2 19 37.0
2 20 37.3
2 21 33.3
2 22 29.0
2 23 33.2
2 24 39.0
2 25 36.7
2 26 31.3
2 27 45.8
2 28 37.0
2 29 52.0
2 30 40.6
2 31 37.7
2 32 58.0
2 33 54.6
2 34 56.2
2 35 53.2
2 36 61.7
2 37 55.7
2 38 61.0
2 39 62.6
2 40 60.0
2 41 59.2
2 42 46.2
2 43 47.0
2 44 44.2
2 45 58.5
2 46 50.0
2 47 53.1
2 48 45.6
2 49 38.4
2 50 55.1
2 51 50.2
3 0 20.6
3 1 20.6
3 2 8.6
3 3 0.0
3 4 17.0
3 5 15.5
3 6 5.8
3 7 40.3
3 8 13.0
3 9 14.8
3 10 17.0
3 11 10.7
3 12 10.0
3 13 25.0
3 14 23.5
3 15 27.4
3 16 26.9
3 17 29.1
3 18 27.4
3 19 30.4
3 20 31.6
3 21 25.0
3 22 20.5
3 23 24.7
3 24 31.2
3 25 28.2
3 26 23.3
3 27 37.8
3 28 28.4
3 29 43.6
3 30 32.0
3 31 29.1
3 32 49.4
3 33 46.0
3 34 47.6
3 35 44.6
3 36 53.1
3 37 47.1
3 38 52.4
3 39 54.0
3 40 51.4
3 41 52.7
3 42 39.2
3 43 39.8
3 44 37.0
3 45 51.6
3 46 42.7
3 47 46.3
3 48 38.0
3 49 31.3
3 50 50.0
3 51 42.4
4 0 29.0
4 1 29.0
4 2 11.6
4 3 17.0
4 4 0.0
4 5 3.6
4 6 20.3
4 7 53.3
4 8 4.1
4 9 29.4
4 10 34.0
4 11 27.1
4 12 27.0
4 13 40.3
4 14 40.4
4 15 43.0
4 16 43.4
4 17 44.9
4 18 44.4
4 19 47.3
4 20 48.2
4 21 37.2
4 22 34.5
4 23 38.0
4 24 48.0
4 25 41.5
4 26 40.1
4 27 54.4
4 28 42.5
4 29 59.6
4 30 46.0
4 31 44.2
4 32 62.1
4 33 59.5
4 34 61.2
4 35 59.0
4 36 66.3
4 37 61.8
4 38 66.6
4 39 68.4
4 40 66.4
4 41 57.2
4 42 45.8
4 43 47.0
4 44 44.6
4 45 57.4
4 46 50.4
4 47 52.1
4 48 46.6
4 49 38.9
4 50 50.9
4 51 51.6
5 0 25.6
5 1 25.6
5 2 12.0
5 3 15.5
5 4 3.6
5 5 0.0
5 6 18.0
5 7 50.1
5 8 4.4
5 9 26.6
5 10 32.2
5 11 25.0
5 12 25.1
5 13 39.8
5 14 39.0
5 15 42.4
5 16 42.3
5 17 44.2
5 18 42.9
5 19 45.8
5 20 47.1
5 21 34.0
5 22 31.6
5 23 34.9
5 24 46.0
5 25 38.4
5 26 38.0
5 27 52.1
5 28 39.5
5 29 57.0
5 30 43.0
5 31 41.4
5 32 58.8
5 33 56.3
5 34 58.1
5 35 56.0
5 36 63.1
5 37 58.8
5 38 63.5
5 39 65.3
5 40 63.5
5 41 53.6
5 42 42.2
5 43 43.4
5 44 41.1
5 45 53.8
5 46 46.8
5 47 48.5
5 48 43.1
5 49 35.3
5 50 47.5
5 51 48.0
6 0 15.1
6 1 15.1
6 2 14.1
6 3 5.8
6 4 20.3
6 5 18.0
6 6 0.0
6 7 34.7
6 8 16.7
6 9 9.4
6 10 14.8
6 11 7.0
6 12 8.0
6 13 26.2
6 14 22.3
6 15 28.2
6 16 26.6
6 17 29.7
6 18 26.0
6 19 28.7
6 20 30.8
6 21 19.2
6 22 15.0
6 23 19.1
6 24 28.0
6 25 22.6
6 26 20.0
6 27 34.1
6 28 23.0
6 29 39.2
6 30 26.6
6 31 24.1
6 32 43.8
6 33 40.6
6 34 42.2
6 35 39.4
6 36 47.6
6 37 42.0
6 38 47.1
6 39 48.8
6 40 46.5
6 41 47.3
6 42 33.7
6 43 34.2
6 44 31.3
6 45 46.0
6 46 37.0
6 47 40.7
6 48 32.3
6 49 25.7
6 50 45.3
6 51 36.6
7 0 25.2
7 1 25.2
7 2 48.8
7 3 40.3
7 4 53.3
7 5 50.1
7 6 34.7
7 7 0.0
7 8 50.4
7 9 25.4
7 10 30.4
7 11 30.6
7 12 33.0
7 13 43.9
7 14 33.5
7 15 43.4
7 16 38.2
7 17 43.1
7 18 33.0
7 19 33.0
7 20 38.0
7 21 16.1
7 22 19.7
7 23 15.6
7 24 24.0
7 25 12.0
7 26 24.7
7 27 21.5
7 28 12.2
7 29 17.6
7 30 8.9
7 31 13.6
7 32 9.2
7 33 6.3
7 34 8.2
7 35 8.5
7 36 13.0
7 37 11.4
7 38 14.1
7 39 16.1
7 40 16.2
7 41 31.2
7 42 21.4
7 43 19.7
7 44 18.3
7 45 27.2
7 46 18.4
7 47 24.7
7 48 15.6
7 49 20.0
7 50 38.8
7 51 14.1
8 0 26.9
8 1 26.9
8 2 7.8
8 3 13.0
8 4 4.1
8 5 4.4
8 6 16.7
8 7 50.4
8 8 0.0
8 9 26.0
8 10 30.0
8 11 23.3
8 12 23.0
8 13 36.2
8 14 36.3
8 15 39.0
8 16 39.2
8 17 40.8
8 18 40.3
8 19 43.2
8 20 44.1
8 21 34.4
8 22 31.3
8 23 34.9
8 24 44.1
8 25 38.5
8 26 36.2
8 27 50.6
8 28 39.3
8 29 56.0
8 30 42.9
8 31 40.8
8 32 59.4
8 33 56.6
8 34 58.3
8 35 55.9
8 36 63.5
8 37 58.6
8 38 63.5
8 39 65.2
8 40 63.1
8 41 56.4
8 42 44.4
8 43 45.4
8 44 43.0
8 45 56.3
8 46 48.8
8 47 51.0
8 48 44.8
8 49 37.2
8 50 50.9
8 51 49.6
9 0 11.6
9 1 11.6
9 2 23.4
9 3 14.8
9 4 29.4
9 5 26.6
9 6 9.4
9 7 25.4
9 8 26.0
9 9 0.0
9 10 11.6
9 11 6.0
9 12 9.0
9 13 26.5
9 14 19.2
9 15 27.7
9 16 24.4
9 17 28.6
9 18 21.9
9 19 24.2
9 20 27.5
9 21 10.7
9 22 5.6
9 23 10.0
9 24 20.8
9 25 13.4
9 26 13.4
9 27 26.0
9 28 13.6
9 29 30.4
9 30 17.2
9 31 14.8
9 32 34.6
9 33 31.2
9 34 32.8
9 35 30.0
9 36 38.2
9 37 32.6
9 38 37.7
9 39 39.4
9 40 37.1
9 41 42.0
9 42 28.0
9 43 28.0
9 44 25.0
9 45 40.0
9 46 30.2
9 47 35.0
9 48 25.3
9 49 20.0
9 50 42.3
9 51 29.1
10 0 23.3
10 1 23.3
10 2 24.5
10 3 17.0
10 4 34.0
10 5 32.2
10 6 14.8
10 7 30.4
10 8 30.0
10 9 11.6
10 10 0.0
10 11 8.0
10 12 7.0
10 13 15.2
10 14 7.8
10 15 16.1
10 16 12.8
10 17 17.0
10 18 11.1
10 19 13.9
10 20 16.4
10 21 20.0
10 22 14.1
10 23 18.0
10 24 14.5
10 25 20.2
10 26 7.2
10 27 21.5
10 28 18.6
10 29 28.3
10 30 21.5
10 31 17.0
10 32 39.3
10 33 34.9
10 34 36.0
10 35 32.0
10 36 41.8
10 37 33.9
10 38 39.6
10 39 41.0
10 40 37.5
10 41 52.6
10 42 38.6
10 43 38.3
10 44 35.3
10 45 50.1
10 46 40.0
10 47 45.3
10 48 35.0
10 49 31.0
10 50 53.8
10 51 38.0
11 0 16.7
11 1 16.7
11 2 19.2
11 3 10.7
11 4 27.1
11 5 25.0
11 6 7.0
11 7 30.6
11 8 23.3
11 9 6.0
11 10 8.0
11 11 0.0
11 12 3.0
11 13 21.4
11 14 15.8
11 15 23.0
11 16 20.5
11 17 24.2
11 18 19.2
11 19 21.9
11 20 24.4
11 21 16.7
11 22 11.1
11 23 15.6
11 24 21.0
11 25 18.8
11 26 13.0
11 27 27.2
11 28 18.4
11 29 32.8
11 30 21.9
11 31 18.6
11 32 39.8
11 33 36.0
11 34 37.4
11 35 34.2
11 36 43.1
11 37 36.6
11 38 42.0
11 39 43.6
11 40 40.8
11 41 48.0
11 42 34.0
11 43 34.0
11 44 31.0
11 45 46.0
11 46 36.3
11 47 41.0
11 48 31.4
11 49 26.0
11 50 47.8
11 51 35.1
12 0 19.6
12 1 19.6
12 2 18.0
12 3 10.0
12 4 27.0
12 5 25.1
12 6 8.0
12 7 33.0
12 8 23.0
12 9 9.0
12 10 7.0
12 11 3.0
12 12 0.0
12 13 18.8
12 14 14.3
12 15 20.6
12 16 18.6
12 17 21.9
12 18 18.0
12 19 20.8
12 20 22.8
12 21 19.6
12 22 13.9
12 23 18.3
12 24 21.2
12 25 21.4
12 26 13.3
12 27 27.8
12 28 20.8
12 29 34.0
12 30 24.2
12 31 20.5
12 32 42.2
12 33 38.2
12 34 39.6
12 35 36.1
12 36 45.3
12 37 38.4
12 38 43.9
12 39 45.4
12 40 42.4
12 41 51.0
12 42 37.0
12 43 37.0
12 44 34.0
12 45 49.0
12 46 39.3
12 47 44.0
12 48 34.3
12 49 29.0
12 50 50.6
12 51 38.0
13 0 38.0
13 1 38.0
13 2 28.7
13 3 25.0
13 4 40.3
13 5 39.8
13 6 26.2
13 7 43.9
13 8 36.2
13 9 26.5
13 10 15.2
13 11 21.4
13 12 18.8
13 13 0.0
13 14 10.4
13 15 3.0
13 16 7.0
13 17 5.0
13 18 12.2
13 19 14.1
13 20 11.1
13 21 35.3
13 22 29.4
13 23 33.1
13 24 21.9
13 25 35.0
13 26 19.2
13 27 28.6
13 28 33.0
13 29 36.6
13 30 35.3
13 31 30.4
13 32 52.2
13 33 47.4
13 34 48.1
13 35 43.4
13 36 53.8
13 37 44.7
13 38 50.5
13 39 51.4
13 40 47.1
13 41 67.8
13 42 53.9
13 43 53.6
13 44 50.6
13 45 65.3
13 46 55.2
13 47 60.6
13 48 50.2
13 49 46.3
13 50 68.9
13 51 53.0
14 0 30.8
14 1 30.8
14 2 30.0
14 3 23.5
14 4 40.4
14 5 39.0
14 6 22.3
14 7 33.5
14 8 36.3
14 9 19.2
14 10 7.8
14 11 15.8
14 12 14.3
14 13 10.4
14 14 0.0
14 15 10.0
14 16 5.3
14 17 10.1
14 18 4.0
14 19 7.0
14 20 8.6
14 21 26.2
14 22 20.6
14 23 23.7
14 24 12.0
14 25 25.1
14 26 9.0
14 27 19.1
14 28 23.0
14 29 26.9
14 30 25.0
14 31 20.0
14 32 41.7
14 33 37.0
14 34 37.6
14 35 33.1
14 36 43.4
14 37 34.4
14 38 40.3
14 39 41.3
14 40 37.2
14 41 58.6
14 42 44.9
14 43 44.3
14 44 41.4
14 45 55.9
14 46 45.7
14 47 51.4
14 48 40.7
14 49 37.6
14 50 60.8
14 51 43.1
15 0 39.3
15 1 39.3
15 2 31.6
15 3 27.4
15 4 43.0
15 5 42.4
15 6 28.2
15 7 43.4
15 8 39.0
15 9 27.7
15 10 16.1
15 11 23.0
15 12 20.6
15 13 3.0
15 14 10.0
15 15 0.0
15 16 5.3
15 17 2.0
15 18 10.7
15 19 12.2
15 20 8.6
15 21 35.9
15 22 30.0
15 23 33.5
15 24 20.6
15 25 35.1
15 26 19.0
15 27 26.9
15 28 33.0
15 29 34.9
15 30 35.0
15 31 30.0
15 32 51.4
15 33 46.5
15 34 47.1
15 35 42.3
15 36 52.8
15 37 43.4
15 38 49.2
15 39 50.0
15 40 45.6
15 41 68.4
15 42 54.5
15 43 54.1
15 44 51.1
15 45 65.7
15 46 55.5
15 47 61.1
15 48 50.6
15 49 47.1
15 50 70.0
15 51 53.1
16 0 36.0
16 1 36.0
16 2 32.3
16 3 26.9
16 4 43.4
16 5 42.3
16 6 26.6
16 7 38.2
16 8 39.2
16 9 24.4
16 10 12.8
16 11 20.5
16 12 18.6
16 13 7.0
16 14 5.3
16 15 5.3
16 16 0.0
16 17 5.0
16 18 5.3
16 19 7.0
16 20 5.0
16 21 31.6
16 22 26.0
16 23 29.1
16 24 15.2
16 25 30.4
16 26 14.1
16 27 21.6
16 28 28.1
16 29 29.6
16 30 30.0
16 31 25.0
16 32 46.0
16 33 41.2
16 34 41.7
16 35 37.0
16 36 47.4
16 37 38.0
16 38 43.8
16 39 44.7
16 40 40.3
16 41 64.0
16 42 50.2
16 43 49.7
16 44 46.8
16 45 61.1
16 46 50.9
16 47 56.7
16 48 46.0
16 49 43.0
16 50 66.2
16 51 48.3
17 0 40.3
17 1 40.3
17 2 33.5
17 3 29.1
17 4 44.9
17 5 44.2
17 6 29.7
17 7 43.1
17 8 40.8
17 9 28.6
17 10 17.0
17 11 24.2
17 12 21.9
17 13 5.0
17 14 10.1
17 15 2.0
17 16 5.0
17 17 0.0
17 18 10.1
17 19 11.1
17 20 7.0
17 21 36.4
17 22 30.6
17 23 33.9
17 24 19.9
17 25 35.3
17 26 19.1
17 27 25.9
17 28 33.1
17 29 34.0
17 30 35.0
17 31 30.0
17 32 50.9
17 33 46.0
17 34 46.5
17 35 41.7
17 36 52.2
17 37 42.7
17 38 48.4
17 39 49.2
17 40 44.7
17 41 68.8
17 42 55.0
17 43 54.5
17 44 51.6
17 45 66.0
17 46 55.9
17 47 61.6
17 48 50.9
17 49 47.7
17 50 70.7
17 51 53.3
18 0 33.3
18 1 33.3
18 2 34.0
18 3 27.4
18 4 44.4
18 5 42.9
18 6 26.0
18 7 33.0
18 8 40.3
18 9 21.9
18 10 11.1
18 11 19.2
18 12 18.0
18 13 12.2
18 14 4.0
18 15 10.7
18 16 5.3
18 17 10.1
18 18 0.0
18 19 3.0
18 20 5.8
18 21 27.7
18 22 22.4
18 23 25.0
18 24 9.8
18 25 25.9
18 26 9.8
18 27 16.4
18 28 23.5
18 29 24.4
18 30 25.0
18 31 20.0
18 32 40.7
18 33 35.9
18 34 36.4
18 35 31.6
18 36 42.0
18 37 32.6
18 38 38.4
18 39 39.3
18 40 34.9
18 41 59.7
18 42 46.2
18 43 45.5
18 44 42.7
18 45 56.7
18 46 46.5
18 47 52.4
18 48 41.7
18 49 39.3
18 50 62.6
18 51 43.7
19 0 35.3
19 1 35.3
19 2 37.0
19 3 30.4
19 4 47.3
19 5 45.8
19 6 28.7
19 7 33.0
19 8 43.2
19 9 24.2
19 10 13.9
19 11 21.9
19 12 20.8
19 13 14.1
19 14 7.0
19 15 12.2
19 16 7.0
19 17 11.1
19 18 3.0
19 19 0.0
19 20 5.0
19 21 29.1
19 22 24.2
19 23 26.4
19 24 9.0
19 25 26.9
19 26 11.4
19 27 14.7
19 28 24.3
19 29 22.8
19 30 25.4
19 31 20.6
19 32 40.3
19 33 35.3
19 34 35.6
19 35 30.8
19 36 41.2
19 37 31.6
19 38 37.3
19 39 38.0
19 40 33.5
19 41 60.7
19 42 47.4
19 43 46.6
19 44 43.8
19 45 57.5
19 46 47.4
19 47 53.4
19 48 42.7
19 49 40.8
19 50 64.1
19 51 44.3
20 0 39.0
20 1 39.0
20 2 37.3
20 3 31.6
20 4 48.2
20 5 47.1
20 6 30.8
20 7 38.0
20 8 44.1
20 9 27.5
20 10 16.4
20 11 24.4
20 12 22.8
20 13 11.1
20 14 8.6
20 15 8.6
20 16 5.0
20 17 7.0
20 18 5.8
20 19 5.0
20 20 0.0
20 21 33.5
20 22 28.3
20 23 30.8
20 24 14.0
20 25 31.6
20 26 15.6
20 27 19.3
20 28 29.1
20 29 27.3
20 30 30.4
20 31 25.4
20 32 45.2
20 33 40.3
20 34 40.6
20 35 35.6
20 36 46.0
20 37 36.4
20 38 42.0
20 39 42.7
20 40 38.0
20 41 65.4
20 42 52.0
20 43 51.2
20 44 48.4
20 45 62.3
20 46 52.2
20 47 58.1
20 48 47.4
20 49 45.1
20 50 68.4
20 51 49.2
21 0 10.0
21 1 10.0
21 2 33.3
21 3 25.0
21 4 37.2
21 5 34.0
21 6 19.2
21 7 16.1
21 8 34.4
21 9 10.7
21 10 20.0
21 11 16.7
21 12 19.6
21 13 35.3
21 14 26.2
21 15 35.9
21 16 31.6
21 17 36.4
21 18 27.7
21 19 29.1
21 20 33.5
21 21 0.0
21 22 6.0
21 23 2.8
21 24 22.6
21 25 5.0
21 26 17.8
21 27 25.0
21 28 7.2
21 29 26.4
21 30 10.0
21 31 11.1
21 32 25.0
21 33 22.3
21 34 24.1
21 35 22.5
21 36 29.1
21 37 25.4
21 38 29.7
21 39 31.6
21 40 30.4
21 41 32.5
21 42 18.6
21 43 18.2
21 44 15.2
21 45 30.0
21 46 20.0
21 47 25.3
21 48 15.0
21 49 11.6
21 50 34.9
21 51 18.4
22 0 11.6
22 1 11.6
22 2 29.0
22 3 20.5
22 4 34.5
22 5 31.6
22 6 15.0
22 7 19.7
22 8 31.3
22 9 5.6
22 10 14.1
22 11 11.1
22 12 13.9
22 13 29.4
22 14 20.6
22 15 30.0
22 16 26.0
22 17 30.6
22 18 22.4
22 19 24.2
22 20 28.3
22 21 6.0
22 22 0.0
22 23 4.4
22 24 18.8
22 25 7.8
22 26 12.8
22 27 22.8
22 28 8.0
22 29 26.0
22 30 11.6
22 31 10.0
22 32 29.0
22 33 25.6
22 34 27.2
22 35 24.5
22 36 32.6
22 37 27.3
22 38 32.2
22 39 34.0
22 40 31.9
22 41 38.4
22 42 24.5
22 43 24.1
22 44 21.2
22 45 36.0
22 46 26.0
22 47 31.2
22 48 21.0
22 49 17.0
22 50 40.2
22 51 24.3
23 0 12.1
23 1 12.1
23 2 33.2
23 3 24.7
23 4 38.0
23 5 34.9
23 6 19.1
23 7 15.6
23 8 34.9
23 9 10.0
23 10 18.0
23 11 15.6
23 12 18.3
23 13 33.1
23 14 23.7
23 15 33.5
23 16 29.1
23 17 33.9
23 18 25.0
23 19 26.4
23 20 30.8
23 21 2.8
23 22 4.4
23 23 0.0
23 24 19.7
23 25 3.6
23 26 15.2
23 27 22.3
23 28 5.0
23 29 24.1
23 30 8.2
23 31 8.5
23 32 24.7
23 33 21.6
23 34 23.3
23 35 21.1
23 36 28.6
23 37 24.0
23 38 28.6
23 39 30.4
23 40 28.8
23 41 34.9
23 42 21.1
23 43 20.6
23 44 17.7
23 45 32.2
23 46 22.0
23 47 27.6
23 48 17.1
23 49 14.4
23 50 37.7
23 51 20.0
24 0 30.5
24 1 30.5
24 2 39.0
24 3 31.2
24 4 48.0
24 5 46.0
24 6 28.0
24 7 24.0
24 8 44.1
24 9 20.8
24 10 14.5
24 11 21.0
24 12 21.2
24 13 21.9
24 14 12.0
24 15 20.6
24 16 15.2
24 17 19.9
24 18 9.8
24 19 9.0
24 20 14.0
24 21 22.6
24 22 18.8
24 23 19.7
24 24 0.0
24 25 19.4
24 26 8.0
24 27 7.2
24 28 16.6
24 29 14.8
24 30 17.0
24 31 12.5
24 32 31.2
24 33 26.3
24 34 26.6
24 35 21.8
24 36 32.2
24 37 22.8
24 38 28.6
24 39 29.5
24 40 25.2
24 41 52.8
24 42 39.9
24 43 38.9
24 44 36.3
24 45 49.3
24 46 39.3
24 47 45.6
24 48 34.8
24 49 34.0
24 50 57.2
24 51 36.0
25 0 15.0
25 1 15.0
25 2 36.7
25 3 28.2
25 4 41.5
25 5 38.4
25 6 22.6
25 7 12.0
25 8 38.5
25 9 13.4
25 10 20.2
25 11 18.8
25 12 21.4
25 13 35.0
25 14 25.1
25 15 35.1
25 16 30.4
25 17 35.3
25 18 25.9
25 19 26.9
25 20 31.6
25 21 5.0
25 22 7.8
25 23 3.6
25 24 19.4
25 25 0.0
25 26 16.2
25 27 20.8
25 28 2.8
25 29 21.5
25 30 5.0
25 31 7.0
25 32 21.2
25 33 18.0
25 34 19.7
25 35 17.7
25 36 25.0
25 37 20.6
25 38 25.0
25 39 26.9
25 40 25.4
25 41 33.8
25 42 20.5
25 43 19.6
25 44 17.0
25 45 30.8
25 46 20.6
25 47 26.5
25 48 15.8
25 49 14.8
25 50 37.8
25 51 18.0
26 0 24.0
26 1 24.0
26 2 31.3
26 3 23.3
26 4 40.1
26 5 38.0
26 6 20.0
26 7 24.7
26 8 36.2
26 9 13.4
26 10 7.2
26 11 13.0
26 12 13.3
26 13 19.2
26 14 9.0
26 15 19.0
26 16 14.1
26 17 19.1
26 18 9.8
26 19 11.4
26 20 15.6
26 21 17.8
26 22 12.8
26 23 15.2
26 24 8.0
26 25 16.2
26 26 0.0
26 27 14.5
26 28 14.0
26 29 21.0
26 30 16.1
26 31 11.1
26 32 33.2
26 33 28.6
26 34 29.5
26 35 25.2
26 36 35.3
26 37 27.0
26 38 32.8
26 39 34.0
26 40 30.4
26 41 50.0
26 42 36.4
26 43 35.7
26 44 32.8
26 45 47.0
26 46 36.8
26 47 42.7
26 48 32.0
26 49 29.5
26 50 52.8
26 51 34.2
27 0 34.1
27 1 34.1
27 2 45.8
27 3 37.8
27 4 54.4
27 5 52.1
27 6 34.1
27 7 21.5
27 8 50.6
27 9 26.0
27 10 21.5
27 11 27.2
27 12 27.8
27 13 28.6
27 14 19.1
27 15 26.9
27 16 21.6
27 17 25.9
27 18 16.4
27 19 14.7
27 20 19.3
27 21 25.0
27 22 22.8
27 23 22.3
27 24 7.2
27 25 20.8
27 26 14.5
27 27 0.0
27 28 18.0
27 29 8.0
27 30 16.9
27 31 13.8
27 32 27.0
27 33 22.0
27 34 22.0
27 35 17.0
27 36 27.1
27 37 17.2
27 38 22.8
27 39 23.4
27 40 18.7
27 41 52.1
27 42 40.3
27 43 39.0
27 44 36.7
27 45 48.3
27 46 38.8
27 47 45.2
27 48 34.8
27 49 35.6
27 50 58.0
27 51 34.9
28 0 17.1
28 1 17.1
28 2 37.0
28 3 28.4
28 4 42.5
28 5 39.5
28 6 23.0
28 7 12.2
28 8 39.3
28 9 13.6
28 10 18.6
28 11 18.4
28 12 20.8
28 13 33.0
28 14 23.0
28 15 33.0
28 16 28.1
28 17 33.1
28 18 23.5
28 19 24.3
28 20 29.1
28 21 7.2
28 22 8.0
28 23 5.0
28 24 16.6
28 25 2.8
28 26 14.0
28 27 18.0
28 28 0.0
28 29 19.2
28 30 3.6
28 31 4.2
28 32 21.4
28 33 17.6
28 34 19.2
28 35 16.5
28 36 24.7
28 37 19.3
28 38 24.1
28 39 25.9
28 40 24.0
28 41 36.4
28 42 23.3
28 43 22.3
28 44 19.7
28 45 33.2
28 46 23.0
28 47 29.1
28 48 18.3
28 49 17.6
28 50 40.6
28 51 20.2
29 0 36.3
29 1 36.3
29 2 52.0
29 3 43.6
29 4 59.6
29 5 57.0
29 6 39.2
29 7 17.6
29 8 56.0
29 9 30.4
29 10 28.3
29 11 32.8
29 12 34.0
29 13 36.6
29 14 26.9
29 15 34.9
29 16 29.6
29 17 34.0
29 18 24.4
29 19 22.8
29 20 27.3
29 21 26.4
29 22 26.0
29 23 24.1
29 24 14.8
29 25 21.5
29 26 21.0
29 27 8.0
29 28 19.2
29 29 0.0
29 30 16.7
29 31 16.0
29 32 20.8
29 33 16.1
29 34 15.5
29 35 10.7
29 36 20.0
29 37 10.0
29 38 15.1
29 39 15.5
29 40 10.7
29 41 48.9
29 42 38.6
29 43 37.0
29 44 35.2
29 45 44.8
29 46 36.0
29 47 42.4
29 48 32.8
29 49 35.3
29 50 56.2
29 51 31.8
30 0 20.0
30 1 20.0
30 2 40.6
30 3 32.0
30 4 46.0
30 5 43.0
30 6 26.6
30 7 8.9
30 8 42.9
30 9 17.2
30 10 21.5
30 11 21.9
30 12 24.2
30 13 35.3
30 14 25.0
30 15 35.0
30 16 30.0
30 17 35.0
30 18 25.0
30 19 25.4
30 20 30.4
30 21 10.0
30 22 11.6
30 23 8.2
30 24 17.0
30 25 5.0
30 26 16.1
30 27 16.9
30 28 3.6
30 29 16.7
30 30 0.0
30 31 5.0
30 32 18.0
30 33 14.1
30 34 15.6
30 35 13.0
30 36 21.2
30 37 15.8
30 38 20.5
30 39 22.3
30 40 20.6
30 41 35.7
30 42 23.4
30 43 22.2
30 44 19.8
30 45 32.3
30 46 22.3
30 47 28.6
30 48 18.0
30 49 18.8
30 50 41.0
30 51 18.9
31 0 20.6
31 1 20.6
31 2 37.7
31 3 29.1
31 4 44.2
31 5 41.4
31 6 24.1
31 7 13.6
31 8 40.8
31 9 14.8
31 10 17.0
31 11 18.6
31 12 20.5
31 13 30.4
31 14 20.0
31 15 30.0
31 16 25.0
31 17 30.0
31 18 20.0
31 19 20.6
31 20 25.4
31 21 11.1
31 22 10.0
31 23 8.5
31 24 12.5
31 25 7.0
31 26 11.1
31 27 13.8
31 28 4.2
31 29 16.0
31 30 5.0
31 31 0.0
31 32 22.3
31 33 18.0
31 34 19.2
31 35 15.6
31 36 25.0
31 37 18.0
31 38 23.4
31 39 25.0
31 40 22.3
31 41 40.3
31 42 27.4
31 43 26.4
31 44 23.8
31 45 37.0
31 46 26.9
31 47 33.1
31 48 22.3
31 49 21.9
31 50 44.8
31 51 23.7
32 0 33.5
32 1 33.5
32 2 58.0
32 3 49.4
32 4 62.1
32 5 58.8
32 6 43.8
32 7 9.2
32 8 59.4
32 9 34.6
32 10 39.3
32 11 39.8
32 12 42.2
32 13 52.2
32 14 41.7
32 15 51.4
32 16 46.0
32 17 50.9
32 18 40.7
32 19 40.3
32 20 45.2
32 21 25.0
32 22 29.0
32 23 24.7
32 24 31.2
32 25 21.2
32 26 33.2
32 27 27.0
32 28 21.4
32 29 20.8
32 30 18.0
32 31 22.3
32 32 0.0
32 33 5.0
32 34 5.3
32 35 10.1
32 36 5.0
32 37 11.1
32 38 9.4
32 39 11.1
32 40 14.1
32 41 31.0
32 42 25.1
32 43 23.1
32 44 23.0
32 45 26.6
32 46 20.6
32 47 26.0
32 48 20.0
32 49 26.4
32 50 40.8
32 51 16.2
33 0 31.6
33 1 31.6
33 2 54.6
33 3 46.0
33 4 59.5
33 5 56.3
33 6 40.6
33 7 6.3
33 8 56.6
33 9 31.2
33 10 34.9
33 11 36.0
33 12 38.2
33 13 47.4
33 14 37.0
33 15 46.5
33 16 41.2
33 17 46.0
33 18 35.9
33 19 35.3
33 20 40.3
33 21 22.3
33 22 25.6
33 23 21.6
33 24 26.3
33 25 18.0
33 26 28.6
33 27 22.0
33 28 17.6
33 29 16.1
33 30 14.1
33 31 18.0
33 32 5.0
33 33 0.0
33 34 2.0
33 35 5.3
33 36 7.0
33 37 7.0
33 38 8.0
33 39 10.0
33 40 11.1
33 41 34.0
33 42 26.2
33 43 24.3
33 44 23.5
33 45 29.7
33 46 22.3
33 47 28.3
33 48 20.6
33 49 26.0
33 50 42.9
33 51 17.8
34 0 33.5
34 1 33.5
34 2 56.2
34 3 47.6
34 4 61.2
34 5 58.1
34 6 42.2
34 7 8.2
34 8 58.3
34 9 32.8
34 10 36.0
34 11 37.4
34 12 39.6
34 13 48.1
34 14 37.6
34 15 47.1
34 16 41.7
34 17 46.5
34 18 36.4
34 19 35.6
34 20 40.6
34 21 24.1
34 22 27.2
34 23 23.3
34 24 26.6
34 25 19.7
34 26 29.5
34 27 22.0
34 28 19.2
34 29 15.5
34 30 15.6
34 31 19.2
34 32 5.3
34 33 2.0
34 34 0.0
34 35 5.0
34 36 5.8
34 37 5.8
34 38 6.0
34 39 8.0
34 40 9.4
34 41 35.6
34 42 28.1
34 43 26.2
34 44 25.4
34 45 31.2
34 46 24.1
34 47 30.0
34 48 22.5
34 49 28.0
34 50 44.7
34 51 19.6
35 0 32.3
35 1 32.3
35 2 53.2
35 3 44.6
35 4 59.0
35 5 56.0
35 6 39.4
35 7 8.5
35 8 55.9
35 9 30.0
35 10 32.0
35 11 34.2
35 12 36.1
35 13 43.4
35 14 33.1
35 15 42.3
35 16 37.0
35 17 41.7
35 18 31.6
35 19 30.8
35 20 35.6
35 21 22.5
35 22 24.5
35 23 21.1
35 24 21.8
35 25 17.7
35 26 25.2
35 27 17.0
35 28 16.5
35 29 10.7
35 30 13.0
35 31 15.6
35 32 10.1
35 33 5.3
35 34 5.0
35 35 0.0
35 36 10.4
35 37 3.0
35 38 7.8
35 39 9.4
35 40 8.0
35 41 38.8
35 42 29.9
35 43 28.1
35 44 26.9
35 45 34.6
35 46 26.6
35 47 32.8
35 48 24.1
35 49 28.4
35 50 47.1
35 51 22.2
36 0 38.0
36 1 38.0
36 2 61.7
36 3 53.1
36 4 66.3
36 5 63.1
36 6 47.6
36 7 13.0
36 8 63.5
36 9 38.2
36 10 41.8
36 11 43.1
36 12 45.3
36 13 53.8
36 14 43.4
36 15 52.8
36 16 47.4
36 17 52.2
36 18 42.0
36 19 41.2
36 20 46.0
36 21 29.1
36 22 32.6
36 23 28.6
36 24 32.2
36 25 25.0
36 26 35.3
36 27 27.1
36 28 24.7
36 29 20.0
36 30 21.2
36 31 25.0
36 32 5.0
36 33 7.0
36 34 5.8
36 35 10.4
36 36 0.0
36 37 10.0
36 38 5.8
36 39 7.0
36 40 11.1
36 41 35.3
36 42 30.1
36 43 28.1
36 44 28.0
36 45 30.8
36 46 25.4
36 47 30.6
36 48 25.0
36 49 31.4
36 50 45.5
36 51 21.2
37 0 35.3
37 1 35.3
37 2 55.7
37 3 47.1
37 4 61.8
37 5 58.8
37 6 42.0
37 7 11.4
37 8 58.6
37 9 32.6
37 10 33.9
37 11 36.6
37 12 38.4
37 13 44.7
37 14 34.4
37 15 43.4
37 16 38.0
37 17 42.7
37 18 32.6
37 19 31.6
37 20 36.4
37 21 25.4
37 22 27.3
37 23 24.0
37 24 22.8
37 25 20.6
37 26 27.0
37 27 17.2
37 28 19.3
37 29 10.0
37 30 15.8
37 31 18.0
37 32 11.1
37 33 7.0
37 34 5.8
37 35 3.0
37 36 10.0
37 37 0.0
37 38 5.8
37 39 7.0
37 40 5.0
37 41 41.1
37 42 32.6
37 43 30.8
37 44 29.7
37 45 36.7
37 46 29.1
37 47 35.2
37 48 26.9
37 49 31.4
37 50 49.7
37 51 24.6
38 0 39.2
38 1 39.2
38 2 61.0
38 3 52.4
38 4 66.6
38 5 63.5
38 6 47.1
38 7 14.1
38 8 63.5
38 9 37.7
38 10 39.6
38 11 42.0
38 12 43.9
38 13 50.5
38 14 40.3
38 15 49.2
38 16 43.8
38 17 48.4
38 18 38.4
38 19 37.3
38 20 42.0
38 21 29.7
38 22 32.2
38 23 28.6
38 24 28.6
38 25 25.0
38 26 32.8
38 27 22.8
38 28 24.1
38 29 15.1
38 30 20.5
38 31 23.4
38 32 9.4
38 33 8.0
38 34 6.0
38 35 7.8
38 36 5.8
38 37 5.8
38 38 0.0
38 39 2.0
38 40 5.3
38 41 40.4
38 42 33.9
38 43 32.0
38 44 31.4
38 45 36.0
38 46 29.7
38 47 35.3
38 48 28.4
38 49 34.0
38 50 50.1
38 51 25.2
39 0 41.2
39 1 41.2
39 2 62.6
39 3 54.0
39 4 68.4
39 5 65.3
39 6 48.8
39 7 16.1
39 8 65.2
39 9 39.4
39 10 41.0
39 11 43.6
39 12 45.4
39 13 51.4
39 14 41.3
39 15 50.0
39 16 44.7
39 17 49.2
39 18 39.3
39 19 38.0
39 20 42.7
39 21 31.6
39 22 34.0
39 23 30.4
39 24 29.5
39 25 26.9
39 26 34.0
39 27 23.4
39 28 25.9
39 29 15.5
39 30 22.3
39 31 25.0
39 32 11.1
39 33 10.0
39 34 8.0
39 35 9.4
39 36 7.0
39 37 7.0
39 38 2.0
39 39 0.0
39 40 5.0
39 41 42.1
39 42 35.9
39 43 33.9
39 44 33.3
39 45 37.7
39 46 31.6
39 47 37.1
39 48 30.4
39 49 36.0
39 50 52.0
39 51 27.2
40 0 40.3
40 1 40.3
40 2 60.0
40 3 51.4
40 4 66.4
40 5 63.5
40 6 46.5
40 7 16.2
40 8 63.1
40 9 37.1
40 10 37.5
40 11 40.8
40 12 42.4
40 13 47.1
40 14 37.2
40 15 45.6
40 16 40.3
40 17 44.7
40 18 34.9
40 19 33.5
40 20 38.0
40 21 30.4
40 22 31.9
40 23 28.8
40 24 25.2
40 25 25.4
40 26 30.4
40 27 18.7
40 28 24.0
40 29 10.7
40 30 20.6
40 31 22.3
40 32 14.1
40 33 11.1
40 34 9.4
40 35 8.0
40 36 11.1
40 37 5.0
40 38 5.3
40 39 5.0
40 40 0.0
40 41 45.0
40 42 37.3
40 43 35.4
40 44 34.4
40 45 40.6
40 46 33.5
40 47 39.4
40 48 31.6
40 49 36.3
40 50 54.1
40 51 29.0
41 0 32.2
41 1 32.2
41 2 59.2
41 3 52.7
41 4 57.2
41 5 53.6
41 6 47.3
41 7 31.2
41 8 56.4
41 9 42.0
41 10 52.6
41 11 48.0
41 12 51.0
41 13 67.8
41 14 58.6
41 15 68.4
41 16 64.0
41 17 68.8
41 18 59.7
41 19 60.7
41 20 65.4
41 21 32.5
41 22 38.4
41 23 34.9
41 24 52.8
41 25 33.8
41 26 50.0
41 27 52.1
41 28 36.4
41 29 48.9
41 30 35.7
41 31 40.3
41 32 31.0
41 33 34.0
41 34 35.6
41 35 38.8
41 36 35.3
41 37 41.1
41 38 40.4
41 39 42.1
41 40 45.0
41 41 0.0
41 42 14.0
41 43 14.3
41 44 17.2
41 45 4.4
41 46 13.4
41 47 7.2
41 48 18.0
41 49 22.0
41 50 12.1
41 51 17.2
42 0 18.6
42 1 18.6
42 2 46.2
42 3 39.2
42 4 45.8
42 5 42.2
42 6 33.7
42 7 21.4
42 8 44.4
42 9 28.0
42 10 38.6
42 11 34.0
42 12 37.0
42 13 53.9
42 14 44.9
42 15 54.5
42 16 50.2
42 17 55.0
42 18 46.2
42 19 47.4
42 20 52.0
42 21 18.6
42 22 24.5
42 23 21.1
42 24 39.9
42 25 20.5
42 26 36.4
42 27 40.3
42 28 23.3
42 29 38.6
42 30 23.4
42 31 27.4
42 32 25.1
42 33 26.2
42 34 28.1
42 35 29.9
42 36 30.1
42 37 32.6
42 38 33.9
42 39 35.9
42 40 37.3
42 41 14.0
42 42 0.0
42 43 2.0
42 44 3.6
42 45 12.3
42 46 5.3
42 47 7.0
42 48 5.8
42 49 8.0
42 50 17.6
42 51 9.0
43 0 19.3
43 1 19.3
43 2 47.0
43 3 39.8
43 4 47.0
43 5 43.4
43 6 34.2
43 7 19.7
43 8 45.4
43 9 28.0
43 10 38.3
43 11 34.0
43 12 37.0
43 13 53.6
43 14 44.3
43 15 54.1
43 16 49.7
43 17 54.5
43 18 45.5
43 19 46.6
43 20 51.2
43 21 18.2
43 22 24.1
43 23 20.6
43 24 38.9
43 25 19.6
43 26 35.7
43 27 39.0
43 28 22.3
43 29 37.0
43 30 22.2
43 31 26.4
43 32 23.1
43 33 24.3
43 34 26.2
43 35 28.1
43 36 28.1
43 37 30.8
43 38 32.0
43 39 33.9
43 40 35.4
43 41 14.3
43 42 2.0
43 43 0.0
43 44 3.0
43 45 12.0
43 46 3.6
43 47 7.0
43 48 4.2
43 49 8.5
43 50 19.2
43 51 7.0
44 0 16.5
44 1 16.5
44 2 44.2
44 3 37.0
44 4 44.6
44 5 41.1
44 6 31.3
44 7 18.3
44 8 43.0
44 9 25.0
44 10 35.3
44 11 31.0
44 12 34.0
44 13 50.6
44 14 41.4
44 15 51.1
44 16 46.8
44 17 51.6
44 18 42.7
44 19 43.8
44 20 48.4
44 21 15.2
44 22 21.2
44 23 17.7
44 24 36.3
44 25 17.0
44 26 32.8
44 27 36.7
44 28 19.7
44 29 35.2
44 30 19.8
44 31 23.8
44 32 23.0
44 33 23.5
44 34 25.4
44 35 26.9
44 36 28.0
44 37 29.7
44 38 31.4
44 39 33.3
44 40 34.4
44 41 17.2
44 42 3.6
44 43 3.0
44 44 0.0
44 45 15.0
44 46 5.8
44 47 10.0
44 48 3.0
44 49 5.8
44 50 21.2
44 51 7.6
45 0 31.0
45 1 31.0
45 2 58.5
45 3 51.6
45 4 57.4
45 5 53.8
45 6 46.0
45 7 27.2
45 8 56.3
45 9 40.0
45 10 50.1
45 11 46.0
45 12 49.0
45 13 65.3
45 14 55.9
45 15 65.7
45 16 61.1
45 17 66.0
45 18 56.7
45 19 57.5
45 20 62.3
45 21 30.0
45 22 36.0
45 23 32.2
45 24 49.3
45 25 30.8
45 26 47.0
45 27 48.3
45 28 33.2
45 29 44.8
45 30 32.3
45 31 37.0
45 32 26.6
45 33 29.7
45 34 31.2
45 35 34.6
45 36 30.8
45 37 36.7
45 38 36.0
45 39 37.7
45 40 40.6
45 41 4.4
45 42 12.3
45 43 12.0
45 44 15.0
45 45 0.0
45 46 10.1
45 47 5.3
45 48 15.1
45 49 20.3
45 50 16.0
45 51 13.4
46 0 22.3
46 1 22.3
46 2 50.0
46 3 42.7
46 4 50.4
46 5 46.8
46 6 37.0
46 7 18.4
46 8 48.8
46 9 30.2
46 10 40.0
46 11 36.3
46 12 39.3
46 13 55.2
46 14 45.7
46 15 55.5
46 16 50.9
46 17 55.9
46 18 46.5
46 19 47.4
46 20 52.2
46 21 20.0
46 22 26.0
46 23 22.0
46 24 39.3
46 25 20.6
46 26 36.8
46 27 38.8
46 28 23.0
46 29 36.0
46 30 22.3
46 31 26.9
46 32 20.6
46 33 22.3
46 34 24.1
46 35 26.6
46 36 25.4
46 37 29.1
46 38 29.7
46 39 31.6
46 40 33.5
46 41 13.4
46 42 5.3
46 43 3.6
46 44 5.8
46 45 10.1
46 46 0.0
46 47 6.4
46 48 5.0
46 49 11.6
46 50 20.5
46 51 4.4
47 0 25.7
47 1 25.7
47 2 53.1
47 3 46.3
47 4 52.1
47 5 48.5
47 6 40.7
47 7 24.7
47 8 51.0
47 9 35.0
47 10 45.3
47 11 41.0
47 12 44.0
47 13 60.6
47 14 51.4
47 15 61.1
47 16 56.7
47 17 61.6
47 18 52.4
47 19 53.4
47 20 58.1
47 21 25.3
47 22 31.2
47 23 27.6
47 24 45.6
47 25 26.5
47 26 42.7
47 27 45.2
47 28 29.1
47 29 42.4
47 30 28.6
47 31 33.1
47 32 26.0
47 33 28.3
47 34 30.0
47 35 32.8
47 36 30.6
47 37 35.2
47 38 35.3
47 39 37.1
47 40 39.4
47 41 7.2
47 42 7.0
47 43 7.0
47 44 10.0
47 45 5.3
47 46 6.4
47 47 0.0
47 48 10.7
47 49 15.1
47 50 14.8
47 51 10.6
48 0 18.0
48 1 18.0
48 2 45.6
48 3 38.0
48 4 46.6
48 5 43.1
48 6 32.3
48 7 15.6
48 8 44.8
48 9 25.3
48 10 35.0
48 11 31.4
48 12 34.3
48 13 50.2
48 14 40.7
48 15 50.6
48 16 46.0
48 17 50.9
48 18 41.7
48 19 42.7
48 20 47.4
48 21 15.0
48 22 21.0
48 23 17.1
48 24 34.8
48 25 15.8
48 26 32.0
48 27 34.8
48 28 18.3
48 29 32.8
48 30 18.0
48 31 22.3
48 32 20.0
48 33 20.6
48 34 22.5
48 35 24.1
48 36 25.0
48 37 26.9
48 38 28.4
48 39 30.4
48 40 31.6
48 41 18.0
48 42 5.8
48 43 4.2
48 44 3.0
48 45 15.1
48 46 5.0
48 47 10.7
48 48 0.0
48 49 7.8
48 50 23.4
48 51 5.0
49 0 10.7
49 1 10.7
49 2 38.4
49 3 31.3
49 4 38.9
49 5 35.3
49 6 25.7
49 7 20.0
49 8 37.2
49 9 20.0
49 10 31.0
49 11 26.0
49 12 29.0
49 13 46.3
49 14 37.6
49 15 47.1
49 16 43.0
49 17 47.7
49 18 39.3
49 19 40.8
49 20 45.1
49 21 11.6
49 22 17.0
49 23 14.4
49 24 34.0
49 25 14.8
49 26 29.5
49 27 35.6
49 28 17.6
49 29 35.3
49 30 18.8
49 31 21.9
49 32 26.4
49 33 26.0
49 34 28.0
49 35 28.4
49 36 31.4
49 37 31.4
49 38 34.0
49 39 36.0
49 40 36.3
49 41 22.0
49 42 8.0
49 43 8.5
49 44 5.8
49 45 20.3
49 46 11.6
49 47 15.1
49 48 7.8
49 49 0.0
49 50 23.3
49 51 12.8
50 0 31.0
50 1 31.0
50 2 55.1
50 3 50.0
50 4 50.9
50 5 47.5
50 6 45.3
50 7 38.8
50 8 50.9
50 9 42.3
50 10 53.8
50 11 47.8
50 12 50.6
50 13 68.9
50 14 60.8
50 15 70.0
50 16 66.2
50 17 70.7
50 18 62.6
50 19 64.1
50 20 68.4
50 21 34.9
50 22 40.2
50 23 37.7
50 24 57.2
50 25 37.8
50 26 52.8
50 27 58.0
50 28 40.6
50 29 56.2
50 30 41.0
50 31 44.8
50 32 40.8
50 33 42.9
50 34 44.7
50 35 47.1
50 36 45.5
50 37 49.7
50 38 50.1
50 39 52.0
50 40 54.1
50 41 12.1
50 42 17.6
50 43 19.2
50 44 21.2
50 45 16.0
50 46 20.5
50 47 14.8
50 48 23.4
50 49 23.3
50 50 0.0
50 51 25.0
51 0 22.8
51 1 22.8
51 2 50.2
51 3 42.4
51 4 51.6
51 5 48.0
51 6 36.6
51 7 14.1
51 8 49.6
51 9 29.1
51 10 38.0
51 11 35.1
51 12 38.0
51 13 53.0
51 14 43.1
51 15 53.1
51 16 48.3
51 17 53.3
51 18 43.7
51 19 44.3
51 20 49.2
51 21 18.4
51 22 24.3
51 23 20.0
51 24 36.0
51 25 18.0
51 26 34.2
51 27 34.9
51 28 20.2
51 29 31.8
51 30 18.9
51 31 23.7
51 32 16.2
51 33 17.8
51 34 19.6
51 35 22.2
51 36 21.2
51 37 24.6
51 38 25.2
51 39 27.2
51 40 29.0
51 41 17.2
51 42 9.0
51 43 7.0
51 44 7.6
51 45 13.4
51 46 4.4
51 47 10.6
51 48 5.0
51 49 12.8
51 50 25.0
51 51 0.0
