#nbCustomers
50
#nbParkings
1
#nbCentralDepots
1
#nbVehicles
6
#nbProducts
1
#parking info (nk ep lp)
6 0 1000
#central depot info(ed, ld, waittingTime, loadingTimeperUnit)
0 1000 0 0
#vehicle info(ek, lk, ck lower, ck upper, qk, costRate)
0 1000 0 1000 1 1
0 1000 0 1000 1 1
0 1000 0 1000 1 1
0 1000 0 1000 1 1
0 1000 0 1000 1 1
0 1000 0 1000 1 1
#weight of products (wp)
1
#customer demand (quantity, quantity, quantity,... nbProducts)
10
7
13
19
26
3
5
9
16
16
12
19
23
20
8
19
2
12
17
9
11
18
29
3
6
17
16
16
9
21
27
23
11
14
8
5
8
16
31
9
5
5
7
18
16
1
27
36
30
13
#customer info(ei, li, waittingTime, unloadingTimePerUnit)
707 848 10 0
143 282 10 0
527 584 10 0
678 801 10 0
34 209 10 0
415 514 10 0
331 410 10 0
404 481 10 0
400 497 10 0
577 632 10 0
206 325 10 0
228 345 10 0
690 827 10 0
32 243 10 0
175 300 10 0
272 373 10 0
733 870 10 0
377 434 10 0
269 378 10 0
581 666 10 0
214 331 10 0
409 494 10 0
206 325 10 0
704 847 10 0
817 956 10 0
588 667 10 0
104 255 10 0
114 255 10 0
190 313 10 0
259 354 10 0
152 275 10 0
660 777 10 0
45 200 10 0
529 614 10 0
686 813 10 0
41 208 10 0
606 693 10 0
302 405 10 0
33 224 10 0
360 437 10 0
396 511 10 0
25 172 10 0
620 705 10 0
233 340 10 0
29 189 10 0
515 628 10 0
85 250 10 0
773 906 10 0
501 540 10 0
547 642 10 0
#vehicle - product (restrictly bkp) = 1: vh can carry
1
1
1
1
1
1
#vehicles - customer (restrictly rki) = 1: vh can go to cus
1 1 1 1 1 1 1 1 1 1 1 1 1 1 1 1 1 1 1 1 1 1 1 1 1 1 1 1 1 1 1 1 1 1 1 1 1 1 1 1 1 1 1 1 1 1 1 1 1 1
1 1 1 1 1 1 1 1 1 1 1 1 1 1 1 1 1 1 1 1 1 1 1 1 1 1 1 1 1 1 1 1 1 1 1 1 1 1 1 1 1 1 1 1 1 1 1 1 1 1
1 1 1 1 1 1 1 1 1 1 1 1 1 1 1 1 1 1 1 1 1 1 1 1 1 1 1 1 1 1 1 1 1 1 1 1 1 1 1 1 1 1 1 1 1 1 1 1 1 1
1 1 1 1 1 1 1 1 1 1 1 1 1 1 1 1 1 1 1 1 1 1 1 1 1 1 1 1 1 1 1 1 1 1 1 1 1 1 1 1 1 1 1 1 1 1 1 1 1 1
1 1 1 1 1 1 1 1 1 1 1 1 1 1 1 1 1 1 1 1 1 1 1 1 1 1 1 1 1 1 1 1 1 1 1 1 1 1 1 1 1 1 1 1 1 1 1 1 1 1
1 1 1 1 1 1 1 1 1 1 1 1 1 1 1 1 1 1 1 1 1 1 1 1 1 1 1 1 1 1 1 1 1 1 1 1 1 1 1 1 1 1 1 1 1 1 1 1 1 1
#vehicle - remain customers = 1: remain
0 0 0 0 0 0 0 0 0 0 0 0 0 0 0 0 0 0 0 0 0 0 0 0 0 0 0 0 0 0 0 0 0 0 0 0 0 0 0 0 0 0 0 0 0 0 0 0 0 0
0 0 0 0 0 0 0 0 0 0 0 0 0 0 0 0 0 0 0 0 0 0 0 0 0 0 0 0 0 0 0 0 0 0 0 0 0 0 0 0 0 0 0 0 0 0 0 0 0 0
0 0 0 0 0 0 0 0 0 0 0 0 0 0 0 0 0 0 0 0 0 0 0 0 0 0 0 0 0 0 0 0 0 0 0 0 0 0 0 0 0 0 0 0 0 0 0 0 0 0
0 0 0 0 0 0 0 0 0 0 0 0 0 0 0 0 0 0 0 0 0 0 0 0 0 0 0 0 0 0 0 0 0 0 0 0 0 0 0 0 0 0 0 0 0 0 0 0 0 0
0 0 0 0 0 0 0 0 0 0 0 0 0 0 0 0 0 0 0 0 0 0 0 0 0 0 0 0 0 0 0 0 0 0 0 0 0 0 0 0 0 0 0 0 0 0 0 0 0 0
0 0 0 0 0 0 0 0 0 0 0 0 0 0 0 0 0 0 0 0 0 0 0 0 0 0 0 0 0 0 0 0 0 0 0 0 0 0 0 0 0 0 0 0 0 0 0 0 0 0
#travel time matrix:[from to travelTime]
2704
0 0 0.0
0 1 0.0
0 2 15.2
0 3 18.0
0 4 22.3
0 5 25.0
0 6 20.6
0 7 11.1
0 8 21.2
0 9 26.2
0 10 32.0
0 11 25.4
0 12 33.5
0 13 15.0
0 14 11.1
0 15 32.0
0 16 30.4
0 17 29.1
0 18 30.4
0 19 15.8
0 20 32.0
0 21 31.6
0 22 18.0
0 23 26.9
0 24 36.0
0 25 30.0
0 26 33.5
0 27 11.1
0 28 5.0
0 29 6.3
0 30 29.8
0 31 25.4
0 32 17.4
0 33 34.0
0 34 24.7
0 35 36.0
0 36 41.0
0 37 41.4
0 38 21.2
0 39 42.4
0 40 33.9
0 41 11.1
0 42 28.8
0 43 25.4
0 44 34.1
0 45 31.8
0 46 29.1
0 47 35.4
0 48 34.2
0 49 27.8
0 50 43.9
0 51 16.9
1 0 0.0
1 1 0.0
1 2 15.2
1 3 18.0
1 4 22.3
1 5 25.0
1 6 20.6
1 7 11.1
1 8 21.2
1 9 26.2
1 10 32.0
1 11 25.4
1 12 33.5
1 13 15.0
1 14 11.1
1 15 32.0
1 16 30.4
1 17 29.1
1 18 30.4
1 19 15.8
1 20 32.0
1 21 31.6
1 22 18.0
1 23 26.9
1 24 36.0
1 25 30.0
1 26 33.5
1 27 11.1
1 28 5.0
1 29 6.3
1 30 29.8
1 31 25.4
1 32 17.4
1 33 34.0
1 34 24.7
1 35 36.0
1 36 41.0
1 37 41.4
1 38 21.2
1 39 42.4
1 40 33.9
1 41 11.1
1 42 28.8
1 43 25.4
1 44 34.1
1 45 31.8
1 46 29.1
1 47 35.4
1 48 34.2
1 49 27.8
1 50 43.9
1 51 16.9
2 0 15.2
2 1 15.2
2 2 0.0
2 3 32.5
2 4 14.5
2 5 32.2
2 6 32.2
2 7 24.8
2 8 21.0
2 9 31.5
2 10 17.8
2 11 15.5
2 12 26.4
2 13 16.6
2 14 26.4
2 15 46.8
2 16 45.3
2 17 42.4
2 18 40.7
2 19 22.8
2 20 28.2
2 21 16.4
2 22 29.2
2 23 39.2
2 24 46.1
2 25 27.7
2 26 37.6
2 27 19.4
2 28 10.8
2 29 12.0
2 30 24.0
2 31 11.0
2 32 10.4
2 33 20.8
2 34 12.3
2 35 24.7
2 36 27.2
2 37 40.5
2 38 35.8
2 39 56.8
2 40 41.5
2 41 24.0
2 42 42.0
2 43 40.7
2 44 49.3
2 45 46.0
2 46 36.6
2 47 39.0
2 48 33.7
2 49 28.1
2 50 39.8
2 51 6.3
3 0 18.0
3 1 18.0
3 2 32.5
3 3 0.0
3 4 34.4
3 5 20.2
3 6 23.8
3 7 16.4
3 8 36.2
3 9 36.0
3 10 47.4
3 11 43.2
3 12 50.2
3 13 23.4
3 14 9.4
3 15 21.1
3 16 13.0
3 17 25.1
3 18 32.6
3 19 27.4
3 20 47.4
3 21 49.0
3 22 10.4
3 23 12.2
3 24 23.3
3 25 34.9
3 26 30.1
3 27 16.4
3 28 23.0
3 29 20.8
3 30 38.2
3 31 43.2
3 32 35.2
3 33 52.0
3 34 39.3
3 35 48.4
3 36 55.5
3 37 54.2
3 38 15.2
3 39 32.3
3 40 25.4
3 41 9.4
3 42 12.2
3 43 12.0
3 44 18.4
3 45 24.1
3 46 35.8
3 47 45.2
3 48 47.4
3 49 41.3
3 50 58.6
3 51 32.3
4 0 22.3
4 1 22.3
4 2 14.5
4 3 34.4
4 4 0.0
4 5 25.0
4 6 42.7
4 7 33.5
4 8 35.3
4 9 45.0
4 10 15.0
4 11 29.1
4 12 40.3
4 13 11.1
4 14 32.0
4 15 53.1
4 16 47.1
4 17 51.4
4 18 52.2
4 19 35.3
4 20 42.7
4 21 22.3
4 22 26.9
4 23 36.4
4 24 40.0
4 25 14.1
4 26 26.9
4 27 18.0
4 28 20.6
4 29 16.1
4 30 9.4
4 31 21.2
4 32 25.0
4 33 31.2
4 34 7.2
4 35 14.1
4 36 21.5
4 37 55.0
4 38 43.0
4 39 64.0
4 40 33.3
4 41 25.0
4 42 40.1
4 43 45.2
4 44 52.8
4 45 53.8
4 46 49.4
4 47 53.0
4 48 48.2
4 49 42.5
4 50 54.1
4 51 8.2
5 0 25.0
5 1 25.0
5 2 32.2
5 3 20.2
5 4 25.0
5 5 0.0
5 6 41.2
5 7 31.6
5 8 46.0
5 9 50.5
5 10 40.0
5 11 47.1
5 12 57.0
5 13 15.8
5 14 25.4
5 15 41.2
5 16 29.1
5 17 45.0
5 18 50.9
5 19 40.3
5 20 56.5
5 21 46.0
5 22 10.0
5 23 14.1
5 24 15.0
5 25 18.0
5 26 10.0
5 27 14.1
5 28 28.2
5 29 22.0
5 30 23.7
5 31 42.7
5 32 40.0
5 33 52.9
5 34 32.0
5 35 36.4
5 36 45.7
5 37 66.4
5 38 35.0
5 39 52.2
5 40 9.4
5 41 15.8
5 42 18.3
5 43 32.0
5 44 36.2
5 45 44.4
5 46 52.2
5 47 59.9
5 48 59.2
5 49 52.8
5 50 68.5
5 51 28.1
6 0 20.6
6 1 20.6
6 2 32.2
6 3 23.8
6 4 42.7
6 5 41.2
6 6 0.0
6 7 10.0
6 8 20.6
6 9 13.9
6 10 50.0
6 11 33.5
6 12 35.3
6 13 35.3
6 14 15.8
6 15 20.0
6 16 29.1
6 17 11.1
6 18 10.0
6 19 11.1
6 20 30.0
6 21 46.0
6 22 31.6
6 23 36.0
6 24 47.1
6 25 50.2
6 26 50.9
6 27 30.0
6 28 22.3
6 29 26.9
6 30 50.4
6 31 39.0
6 32 27.2
6 33 43.8
6 34 43.9
6 35 55.9
6 36 59.4
6 37 32.6
6 38 11.1
6 39 26.9
6 40 48.4
6 41 25.4
6 42 35.4
6 43 20.1
6 44 28.1
6 45 16.4
6 46 12.0
6 47 22.2
6 48 26.9
6 49 22.0
6 50 39.0
6 51 36.2
7 0 11.1
7 1 11.1
7 2 24.8
7 3 16.4
7 4 33.5
7 5 31.6
7 6 10.0
7 7 0.0
7 8 20.6
7 9 19.8
7 10 42.4
7 11 30.4
7 12 35.3
7 13 25.4
7 14 7.0
7 15 22.3
7 16 25.4
7 17 18.0
7 18 20.0
7 19 11.1
7 20 31.6
7 21 40.3
7 22 22.3
7 23 28.2
7 24 39.0
7 25 40.3
7 26 41.2
7 27 20.0
7 28 14.1
7 29 17.4
7 30 40.8
7 31 33.5
7 32 22.8
7 33 40.2
7 34 35.6
7 35 47.1
7 36 51.6
7 37 37.8
7 38 11.1
7 39 32.0
7 40 39.3
7 41 15.8
7 42 28.6
7 43 18.0
7 44 27.0
7 45 21.2
7 46 20.6
7 47 29.2
7 48 31.0
7 49 25.0
7 50 42.4
7 51 27.8
8 0 21.2
8 1 21.2
8 2 21.0
8 3 36.2
8 4 35.3
8 5 46.0
8 6 20.6
8 7 20.6
8 8 0.0
8 9 12.2
8 10 36.4
8 11 14.1
8 12 15.0
8 13 33.5
8 14 26.9
8 15 40.3
8 16 46.0
8 17 31.6
8 18 25.0
8 19 10.0
8 20 11.1
8 21 29.1
8 22 39.0
8 23 47.1
8 24 57.0
8 25 47.4
8 26 54.0
8 27 32.0
8 28 18.0
8 29 24.6
8 30 44.7
8 31 22.3
8 32 11.1
8 33 24.2
8 34 33.0
8 35 45.2
8 36 45.5
8 37 20.5
8 38 30.0
8 39 47.4
8 40 55.1
8 41 32.0
8 42 48.3
8 43 38.2
8 44 47.0
8 45 37.1
8 46 18.4
8 47 18.1
8 48 13.4
8 49 7.2
8 50 22.8
8 51 27.1
9 0 26.2
9 1 26.2
9 2 31.5
9 3 36.0
9 4 45.0
9 5 50.5
9 6 13.9
9 7 19.8
9 8 12.2
9 9 0.0
9 10 48.1
9 11 26.2
9 12 24.1
9 13 40.7
9 14 26.9
9 15 33.3
9 16 42.9
9 17 23.0
9 18 13.9
9 19 10.4
9 20 17.7
9 21 41.3
9 22 41.8
9 23 48.1
9 24 58.8
9 25 55.5
9 26 59.6
9 27 37.3
9 28 25.1
9 29 31.5
9 30 54.0
9 31 34.4
9 32 22.8
9 33 36.0
9 34 43.9
9 35 56.2
9 36 57.3
9 37 18.7
9 38 25.0
9 39 38.3
9 40 58.8
9 41 34.9
9 42 48.1
9 43 34.0
9 44 42.0
9 45 29.0
9 46 6.4
9 47 9.4
9 48 13.1
9 49 9.4
9 50 25.3
9 51 37.2
10 0 32.0
10 1 32.0
10 2 17.8
10 3 47.4
10 4 15.0
10 5 40.0
10 6 50.0
10 7 42.4
10 8 36.4
10 9 48.1
10 10 0.0
10 11 25.0
10 12 35.3
10 13 25.4
10 14 43.0
10 15 64.0
10 16 60.4
10 17 60.2
10 18 58.3
10 19 40.3
10 20 40.0
10 21 11.1
10 22 41.2
10 23 50.9
10 24 55.0
10 25 26.9
10 26 41.2
10 27 31.6
10 28 28.2
10 29 26.9
10 30 20.1
10 31 15.0
10 32 25.2
10 33 21.9
10 34 8.2
10 35 11.1
10 36 9.4
10 37 53.0
10 38 53.1
10 39 74.3
10 40 48.2
10 41 38.0
10 42 54.5
10 43 57.1
10 44 65.3
10 45 63.6
10 46 53.7
10 47 54.3
10 48 47.1
10 49 42.7
10 50 49.6
10 51 15.2
11 0 25.4
11 1 25.4
11 2 15.5
11 3 43.2
11 4 29.1
11 5 47.1
11 6 33.5
11 7 30.4
11 8 14.1
11 9 26.2
11 10 25.0
11 11 0.0
11 12 11.1
11 13 32.0
11 14 35.0
11 15 52.2
11 16 55.0
11 17 44.7
11 18 39.0
11 19 22.3
11 20 15.0
11 21 15.8
11 22 42.7
11 23 52.2
11 24 60.4
11 25 43.0
11 26 53.1
11 27 33.5
11 28 20.6
11 29 25.4
11 30 38.4
11 31 10.0
11 32 8.0
11 33 10.2
11 34 24.3
11 35 35.3
11 36 33.3
11 37 28.0
11 38 41.2
11 39 60.4
11 40 56.6
11 41 36.4
11 42 54.3
11 43 48.3
11 44 57.4
11 45 49.7
11 46 32.5
11 47 30.4
11 48 22.3
11 49 18.7
11 50 25.2
11 51 21.4
12 0 33.5
12 1 33.5
12 2 26.4
12 3 50.2
12 4 40.3
12 5 57.0
12 6 35.3
12 7 35.3
12 8 15.0
12 9 24.1
12 10 35.3
12 11 11.1
12 12 0.0
12 13 42.4
12 14 41.2
12 15 55.2
12 16 60.8
12 17 46.0
12 18 38.0
12 19 25.0
12 20 7.0
12 21 25.0
12 22 51.4
12 23 60.4
12 24 69.4
12 25 54.0
12 26 63.6
12 27 43.0
12 28 29.1
12 29 35.0
12 30 49.6
12 31 20.6
12 32 17.0
12 33 15.5
12 34 35.4
12 35 46.0
12 36 43.0
12 37 18.6
12 38 45.0
12 39 61.8
12 40 66.4
12 41 44.7
12 42 62.0
12 43 53.1
12 44 62.0
12 45 51.7
12 46 30.4
12 47 24.7
12 48 15.0
12 49 14.7
12 50 14.3
12 51 32.4
13 0 15.0
13 1 15.0
13 2 16.6
13 3 23.4
13 4 11.1
13 5 15.8
13 6 35.3
13 7 25.4
13 8 33.5
13 9 40.7
13 10 25.4
13 11 32.0
13 12 42.4
13 13 0.0
13 14 22.3
13 15 43.0
13 16 36.0
13 17 42.7
13 18 45.2
13 19 30.4
13 20 43.0
13 21 30.4
13 22 15.8
13 23 25.4
13 24 30.4
13 25 15.0
13 26 21.2
13 27 7.0
13 28 15.8
13 29 9.2
13 30 15.6
13 31 26.9
13 32 25.4
13 33 37.1
13 34 17.2
13 35 25.0
13 36 32.6
13 37 54.1
13 38 33.5
13 39 54.0
13 40 25.0
13 41 14.1
13 42 29.1
13 43 34.7
13 44 41.8
13 45 44.2
13 46 44.1
13 47 49.7
13 48 46.9
13 49 40.7
13 50 55.0
13 51 12.3
14 0 11.1
14 1 11.1
14 2 26.4
14 3 9.4
14 4 32.0
14 5 25.4
14 6 15.8
14 7 7.0
14 8 26.9
14 9 26.9
14 10 43.0
14 11 35.0
14 12 41.2
14 13 22.3
14 14 0.0
14 15 21.2
14 16 20.0
14 17 20.6
14 18 25.4
14 19 18.0
14 20 38.0
14 21 42.7
14 22 15.8
14 23 21.2
14 24 32.0
14 25 36.4
14 26 35.3
14 27 15.8
14 28 15.8
14 29 16.2
14 30 38.0
14 31 36.4
14 32 27.0
14 33 44.2
14 34 35.4
14 35 46.0
14 36 51.8
14 37 44.8
14 38 11.1
14 39 32.0
14 40 32.6
14 41 10.0
14 42 21.6
14 43 14.3
14 44 23.0
14 45 21.9
14 46 27.2
14 47 36.2
14 48 38.0
14 49 31.9
14 50 49.2
14 51 27.8
15 0 32.0
15 1 32.0
15 2 46.8
15 3 21.1
15 4 53.1
15 5 41.2
15 6 20.0
15 7 22.3
15 8 40.3
15 9 33.3
15 10 64.0
15 11 52.2
15 12 55.2
15 13 43.0
15 14 21.2
15 15 0.0
15 16 15.8
15 17 11.1
15 18 22.3
15 19 30.4
15 20 50.0
15 21 62.6
15 22 31.6
15 23 30.0
15 24 40.3
15 25 55.9
15 26 50.9
15 27 36.0
15 28 36.0
15 29 37.4
15 30 58.5
15 31 55.9
15 32 44.9
15 33 62.2
15 34 56.6
15 35 67.2
15 36 73.0
15 37 51.6
15 38 11.1
15 39 11.1
15 40 45.0
15 41 29.1
15 42 27.1
15 43 9.2
15 44 10.6
15 45 5.6
15 46 29.4
15 47 40.1
15 48 46.5
15 49 42.0
15 50 58.6
15 51 48.9
16 0 30.4
16 1 30.4
16 2 45.3
16 3 13.0
16 4 47.1
16 5 29.1
16 6 29.1
16 7 25.4
16 8 46.0
16 9 42.9
16 10 60.4
16 11 55.0
16 12 60.8
16 13 36.0
16 14 20.0
16 15 15.8
16 16 0.0
16 17 25.0
16 18 35.3
16 19 36.4
16 20 57.0
16 21 61.8
16 22 21.2
16 23 15.8
16 24 25.0
16 25 46.0
16 26 38.0
16 27 29.1
16 28 35.3
16 29 33.8
16 30 50.2
16 31 55.9
16 32 47.0
16 33 64.1
16 34 52.3
16 35 61.0
16 36 68.4
16 37 61.7
16 38 18.0
16 39 25.0
16 40 30.8
16 41 22.3
16 42 12.1
16 43 9.2
16 44 7.2
16 45 21.0
16 46 40.8
16 47 51.3
16 48 55.5
16 49 49.9
16 50 67.4
16 51 45.3
17 0 29.1
17 1 29.1
17 2 42.4
17 3 25.1
17 4 51.4
17 5 45.0
17 6 11.1
17 7 18.0
17 8 31.6
17 9 23.0
17 10 60.2
17 11 44.7
17 12 46.0
17 13 42.7
17 14 20.6
17 15 11.1
17 16 25.0
17 17 0.0
17 18 11.1
17 19 22.3
17 20 40.3
17 21 57.0
17 22 35.0
17 23 36.4
17 24 47.4
17 25 57.0
17 26 55.0
17 27 36.4
17 28 32.0
17 29 35.3
17 30 58.3
17 31 50.0
17 32 38.2
17 33 55.0
17 34 53.6
17 35 65.1
17 36 69.5
17 37 40.7
17 38 10.0
17 39 15.8
17 40 50.6
17 41 30.4
17 42 34.5
17 43 16.1
17 44 21.4
17 45 6.0
17 46 18.4
17 47 29.1
17 48 36.0
17 49 32.1
17 50 48.1
17 51 45.8
18 0 30.4
18 1 30.4
18 2 40.7
18 3 32.6
18 4 52.2
18 5 50.9
18 6 10.0
18 7 20.0
18 8 25.0
18 9 13.9
18 10 58.3
18 11 39.0
18 12 38.0
18 13 45.2
18 14 25.4
18 15 22.3
18 16 35.3
18 17 11.1
18 18 0.0
18 19 18.0
18 20 31.6
18 21 53.1
18 22 41.2
18 23 44.7
18 24 55.9
18 25 60.2
18 26 60.8
18 27 40.0
18 28 31.6
18 29 36.6
18 30 60.2
18 31 46.0
18 32 34.0
18 33 49.2
18 34 52.8
18 35 65.0
18 36 67.7
18 37 30.1
18 38 18.0
18 39 25.0
18 40 57.8
18 41 35.3
18 42 43.5
18 43 26.1
18 44 32.4
18 45 17.0
18 46 8.0
18 47 18.2
18 48 26.1
18 49 23.4
18 50 38.0
18 51 45.3
19 0 15.8
19 1 15.8
19 2 22.8
19 3 27.4
19 4 35.3
19 5 40.3
19 6 11.1
19 7 11.1
19 8 10.0
19 9 10.4
19 10 40.3
19 11 22.3
19 12 25.0
19 13 30.4
19 14 18.0
19 15 30.4
19 16 36.4
19 17 22.3
19 18 18.0
19 19 0.0
19 20 20.6
19 21 35.3
19 22 32.0
19 23 39.0
19 24 49.4
19 25 45.2
19 26 49.2
19 27 26.9
19 28 15.0
19 29 21.2
19 30 44.0
19 31 28.2
19 32 16.2
19 33 32.6
19 34 35.1
19 35 47.4
19 36 49.7
19 37 26.9
19 38 20.0
19 39 38.0
19 40 48.8
19 41 25.0
19 42 39.6
19 43 28.2
19 44 37.1
19 45 27.5
19 46 14.1
19 47 19.6
19 48 20.0
19 49 13.8
19 50 31.3
19 51 27.8
20 0 32.0
20 1 32.0
20 2 28.2
20 3 47.4
20 4 42.7
20 5 56.5
20 6 30.0
20 7 31.6
20 8 11.1
20 9 17.7
20 10 40.0
20 11 15.0
20 12 7.0
20 13 43.0
20 14 38.0
20 15 50.0
20 16 57.0
20 17 40.3
20 18 31.6
20 19 20.6
20 20 0.0
20 21 30.4
20 22 50.0
20 23 58.3
20 24 68.0
20 25 55.9
20 26 64.0
20 27 42.4
20 28 28.2
20 29 34.7
20 30 52.2
20 31 25.0
20 32 17.8
20 33 21.9
20 34 38.8
20 35 50.2
20 36 48.2
20 37 13.0
20 38 40.3
20 39 55.9
20 40 65.7
20 41 43.0
20 42 59.4
20 43 48.8
20 44 57.5
20 45 46.1
20 46 23.7
20 47 17.6
20 48 8.0
20 49 8.2
20 50 12.0
20 51 34.5
21 0 31.6
21 1 31.6
21 2 16.4
21 3 49.0
21 4 22.3
21 5 46.0
21 6 46.0
21 7 40.3
21 8 29.1
21 9 41.3
21 10 11.1
21 11 15.8
21 12 25.0
21 13 30.4
21 14 42.7
21 15 62.6
21 16 61.8
21 17 57.0
21 18 53.1
21 19 35.3
21 20 30.4
21 21 0.0
21 22 45.0
21 23 55.0
21 24 60.8
21 25 36.0
21 26 49.2
21 27 35.0
21 28 26.9
21 29 28.2
21 30 29.8
21 31 7.0
21 32 19.1
21 33 10.7
21 34 15.2
21 35 22.3
21 36 18.0
21 37 43.2
21 38 51.4
21 39 72.1
21 40 55.0
21 41 40.3
21 42 58.0
21 43 57.0
21 44 65.7
21 45 61.2
21 46 47.4
21 47 46.2
21 48 38.0
21 49 34.5
21 50 39.1
21 51 18.1
22 0 18.0
22 1 18.0
22 2 29.2
22 3 10.4
22 4 26.9
22 5 10.0
22 6 31.6
22 7 22.3
22 8 39.0
22 9 41.8
22 10 41.2
22 11 42.7
22 12 51.4
22 13 15.8
22 14 15.8
22 15 31.6
22 16 21.2
22 17 35.0
22 18 41.2
22 19 32.0
22 20 50.0
22 21 45.0
22 22 0.0
22 23 10.0
22 24 18.0
22 25 25.0
22 26 20.0
22 27 10.0
22 28 22.3
22 29 17.4
22 30 29.0
22 31 40.3
22 32 34.9
22 33 50.0
22 34 32.9
22 35 40.3
22 36 48.4
22 37 58.7
22 38 25.0
22 39 42.7
22 40 17.0
22 41 7.0
22 42 13.3
22 43 22.4
22 44 27.8
22 45 34.5
22 46 42.9
22 47 51.3
22 48 51.6
22 49 45.2
22 50 61.8
22 51 27.0
23 0 26.9
23 1 26.9
23 2 39.2
23 3 12.2
23 4 36.4
23 5 14.1
23 6 36.0
23 7 28.2
23 8 47.1
23 9 48.1
23 10 50.9
23 11 52.2
23 12 60.4
23 13 25.4
23 14 21.2
23 15 30.0
23 16 15.8
23 17 36.4
23 18 44.7
23 19 39.0
23 20 58.3
23 21 55.0
23 22 10.0
23 23 0.0
23 24 11.1
23 25 32.0
23 26 22.3
23 27 20.0
23 28 31.6
23 29 27.2
23 30 37.2
23 31 50.2
23 32 44.2
23 33 59.8
23 34 42.7
23 35 49.2
23 36 57.8
23 37 65.9
23 38 26.9
23 39 40.3
23 40 15.1
23 41 15.8
23 42 4.2
23 43 21.0
23 44 23.0
23 45 34.2
23 46 48.0
23 47 57.3
23 48 59.0
23 49 52.8
23 50 69.8
23 51 37.0
24 0 36.0
24 1 36.0
24 2 46.1
24 3 23.3
24 4 40.0
24 5 15.0
24 6 47.1
24 7 39.0
24 8 57.0
24 9 58.8
24 10 55.0
24 11 60.4
24 12 69.4
24 13 30.4
24 14 32.0
24 15 40.3
24 16 25.0
24 17 47.4
24 18 55.9
24 19 49.4
24 20 68.0
24 21 60.8
24 22 18.0
24 23 11.1
24 24 0.0
24 25 31.6
24 26 18.0
24 27 26.9
24 28 40.3
24 29 34.9
24 30 38.0
24 31 57.0
24 32 52.7
24 33 67.0
24 34 47.0
24 35 50.9
24 36 60.5
24 37 76.3
24 38 38.0
24 39 50.0
24 40 8.6
24 41 25.0
24 42 13.1
24 43 31.7
24 44 32.0
24 45 44.9
24 46 59.0
24 47 68.2
24 48 69.3
24 49 63.0
24 50 79.8
24 51 42.7
25 0 30.0
25 1 30.0
25 2 27.7
25 3 34.9
25 4 14.1
25 5 18.0
25 6 50.2
25 7 40.3
25 8 47.4
25 9 55.5
25 10 26.9
25 11 43.0
25 12 54.0
25 13 15.0
25 14 36.4
25 15 55.9
25 16 46.0
25 17 57.0
25 18 60.2
25 19 45.2
25 20 55.9
25 21 36.0
25 22 25.0
25 23 32.0
25 24 31.6
25 25 0.0
25 26 15.0
25 27 20.6
25 28 30.4
25 29 24.0
25 30 7.0
25 31 35.3
25 32 38.0
25 33 45.3
25 34 20.8
25 35 20.0
25 36 30.0
25 37 67.7
25 38 47.4
25 39 67.0
25 40 23.5
25 41 26.9
25 42 36.2
25 43 47.0
25 44 52.8
25 45 57.9
25 46 59.0
25 47 64.3
25 48 60.7
25 49 54.7
25 50 67.6
25 51 21.6
26 0 33.5
26 1 33.5
26 2 37.6
26 3 30.1
26 4 26.9
26 5 10.0
26 6 50.9
26 7 41.2
26 8 54.0
26 9 59.6
26 10 41.2
26 11 53.1
26 12 63.6
26 13 21.2
26 14 35.3
26 15 50.9
26 16 38.0
26 17 55.0
26 18 60.8
26 19 49.2
26 20 64.0
26 21 49.2
26 22 20.0
26 23 22.3
26 24 18.0
26 25 15.0
26 26 0.0
26 27 22.3
26 28 36.0
26 29 29.4
26 30 22.0
26 31 47.1
26 32 46.6
26 33 57.4
26 34 34.1
26 35 35.0
26 36 45.0
26 37 74.6
26 38 45.0
26 39 61.8
26 40 9.4
26 41 25.4
26 42 26.4
26 43 41.7
26 44 45.3
26 45 54.3
26 46 61.6
26 47 68.9
26 48 67.4
26 49 61.0
26 50 76.0
26 51 32.4
27 0 11.1
27 1 11.1
27 2 19.4
27 3 16.4
27 4 18.0
27 5 14.1
27 6 30.0
27 7 20.0
27 8 32.0
27 9 37.3
27 10 31.6
27 11 33.5
27 12 43.0
27 13 7.0
27 14 15.8
27 15 36.0
27 16 29.1
27 17 36.4
27 18 40.0
27 19 26.9
27 20 42.4
27 21 35.0
27 22 10.0
27 23 20.0
27 24 26.9
27 25 20.6
27 26 22.3
27 27 0.0
27 28 14.1
27 29 8.0
27 30 22.4
27 31 30.4
27 32 26.0
27 33 40.2
27 34 23.4
27 35 32.0
27 36 39.3
27 37 52.4
27 38 26.9
27 39 47.1
27 40 23.4
27 41 7.0
27 42 23.1
27 43 27.6
27 44 34.8
27 45 37.5
27 46 39.8
27 47 46.6
27 48 45.2
27 49 38.8
27 50 54.4
27 51 17.1
28 0 5.0
28 1 5.0
28 2 10.8
28 3 23.0
28 4 20.6
28 5 28.2
28 6 22.3
28 7 14.1
28 8 18.0
28 9 25.1
28 10 28.2
28 11 20.6
28 12 29.1
28 13 15.8
28 14 15.8
28 15 36.0
28 16 35.3
28 17 32.0
28 18 31.6
28 19 15.0
28 20 28.2
28 21 26.9
28 22 22.3
28 23 31.6
28 24 40.3
28 25 30.4
28 26 36.0
28 27 14.1
28 28 0.0
28 29 6.7
28 30 29.0
28 31 20.6
28 32 12.6
28 33 29.0
28 34 21.6
28 35 33.5
28 36 37.5
28 37 38.5
28 38 25.0
28 39 46.0
28 40 37.5
28 41 15.8
28 42 33.7
28 43 30.0
28 44 38.8
28 45 35.3
28 46 29.0
28 47 33.9
28 48 31.3
28 49 25.0
28 50 40.3
28 51 13.8
29 0 6.3
29 1 6.3
29 2 12.0
29 3 20.8
29 4 16.1
29 5 22.0
29 6 26.9
29 7 17.4
29 8 24.6
29 9 31.5
29 10 26.9
29 11 25.4
29 12 35.0
29 13 9.2
29 14 16.2
29 15 37.4
29 16 33.8
29 17 35.3
29 18 36.6
29 19 21.2
29 20 34.7
29 21 28.2
29 22 17.4
29 23 27.2
29 24 34.9
29 25 24.0
29 26 29.4
29 27 8.0
29 28 6.7
29 29 0.0
29 30 23.5
29 31 23.0
29 32 18.0
29 33 32.5
29 34 19.2
29 35 30.0
29 36 35.6
29 37 45.2
29 38 27.0
29 39 48.1
29 40 31.4
29 41 12.0
29 42 30.0
29 43 30.2
29 44 38.4
29 45 37.8
29 46 35.0
29 47 40.5
29 48 38.0
29 49 31.7
29 50 46.7
29 51 11.6
30 0 29.8
30 1 29.8
30 2 24.0
30 3 38.2
30 4 9.4
30 5 23.7
30 6 50.4
30 7 40.8
30 8 44.7
30 9 54.0
30 10 20.1
30 11 38.4
30 12 49.6
30 13 15.6
30 14 38.0
30 15 58.5
30 16 50.2
30 17 58.3
30 18 60.2
30 19 44.0
30 20 52.2
30 21 29.8
30 22 29.0
30 23 37.2
30 24 38.0
30 25 7.0
30 26 22.0
30 27 22.4
30 28 29.0
30 29 23.5
30 30 0.0
30 31 30.0
30 32 34.4
30 33 39.6
30 34 14.8
30 35 13.0
30 36 23.0
30 37 64.5
30 38 49.1
30 39 69.6
30 40 30.2
30 41 29.4
30 42 41.3
30 43 50.0
30 44 56.5
30 45 59.9
30 46 58.1
30 47 62.2
30 48 57.7
30 49 51.9
30 50 63.5
30 51 17.7
31 0 25.4
31 1 25.4
31 2 11.0
31 3 43.2
31 4 21.2
31 5 42.7
31 6 39.0
31 7 33.5
31 8 22.3
31 9 34.4
31 10 15.0
31 11 10.0
31 12 20.6
31 13 26.9
31 14 36.4
31 15 55.9
31 16 55.9
31 17 50.0
31 18 46.0
31 19 28.2
31 20 25.0
31 21 7.0
31 22 40.3
31 23 50.2
31 24 57.0
31 25 35.3
31 26 47.1
31 27 30.4
31 28 20.6
31 29 23.0
31 30 30.0
31 31 0.0
31 32 12.0
31 33 10.2
31 34 15.2
31 35 25.4
31 36 23.5
31 37 38.0
31 38 44.7
31 39 65.1
31 40 52.0
31 41 35.0
31 42 53.0
31 43 50.5
31 44 59.4
31 45 54.3
31 46 40.4
31 47 39.8
31 48 32.2
31 49 28.1
31 50 34.9
31 51 14.7
32 0 17.4
32 1 17.4
32 2 10.4
32 3 35.2
32 4 25.0
32 5 40.0
32 6 27.2
32 7 22.8
32 8 11.1
32 9 22.8
32 10 25.2
32 11 8.0
32 12 17.0
32 13 25.4
32 14 27.0
32 15 44.9
32 16 47.0
32 17 38.2
32 18 34.0
32 19 16.2
32 20 17.8
32 21 19.1
32 22 34.9
32 23 44.2
32 24 52.7
32 25 38.0
32 26 46.6
32 27 26.0
32 28 12.6
32 29 18.0
32 30 34.4
32 31 12.0
32 32 0.0
32 33 17.4
32 34 22.0
32 35 34.1
32 36 34.5
32 37 30.0
32 38 33.8
32 39 53.7
32 40 49.4
32 41 28.4
32 42 46.3
32 43 40.6
32 44 49.6
32 45 42.9
32 46 28.6
32 47 29.2
32 48 23.3
32 49 18.0
32 50 29.6
32 51 16.7
33 0 34.0
33 1 34.0
33 2 20.8
33 3 52.0
33 4 31.2
33 5 52.9
33 6 43.8
33 7 40.2
33 8 24.2
33 9 36.0
33 10 21.9
33 11 10.2
33 12 15.5
33 13 37.1
33 14 44.2
33 15 62.2
33 16 64.1
33 17 55.0
33 18 49.2
33 19 32.6
33 20 21.9
33 21 10.7
33 22 50.0
33 23 59.8
33 24 67.0
33 25 45.3
33 26 57.4
33 27 40.2
33 28 29.0
33 29 32.5
33 30 39.6
33 31 10.2
33 32 17.4
33 33 0.0
33 34 24.7
33 35 33.1
33 36 28.2
33 37 34.2
33 38 51.2
33 39 70.6
33 40 62.2
33 41 44.2
33 42 62.3
33 43 58.0
33 44 67.0
33 45 60.0
33 46 42.4
33 47 39.1
33 48 29.9
33 49 27.8
33 50 29.0
33 51 25.0
34 0 24.7
34 1 24.7
34 2 12.3
34 3 39.3
34 4 7.2
34 5 32.0
34 6 43.9
34 7 35.6
34 8 33.0
34 9 43.9
34 10 8.2
34 11 24.3
34 12 35.4
34 13 17.2
34 14 35.4
34 15 56.6
34 16 52.3
34 17 53.6
34 18 52.8
34 19 35.1
34 20 38.8
34 21 15.2
34 22 32.9
34 23 42.7
34 24 47.0
34 25 20.8
34 26 34.1
34 27 23.4
34 28 21.6
34 29 19.2
34 30 14.8
34 31 15.2
34 32 22.0
34 33 24.7
34 34 0.0
34 35 12.3
34 36 16.4
34 37 51.6
34 38 45.9
34 39 67.1
34 40 40.6
34 41 29.9
34 42 46.3
34 43 49.4
34 44 57.4
34 45 56.6
34 46 49.0
34 47 51.1
34 48 45.1
34 49 40.0
34 50 49.6
34 51 7.8
35 0 36.0
35 1 36.0
35 2 24.7
35 3 48.4
35 4 14.1
35 5 36.4
35 6 55.9
35 7 47.1
35 8 45.2
35 9 56.2
35 10 11.1
35 11 35.3
35 12 46.0
35 13 25.0
35 14 46.0
35 15 67.2
35 16 61.0
35 17 65.1
35 18 65.0
35 19 47.4
35 20 50.2
35 21 22.3
35 22 40.3
35 23 49.2
35 24 50.9
35 25 20.0
35 26 35.0
35 27 32.0
35 28 33.5
35 29 30.0
35 30 13.0
35 31 25.4
35 32 34.1
35 33 33.1
35 34 12.3
35 35 0.0
35 36 10.1
35 37 63.1
35 38 57.0
35 39 78.1
35 40 43.2
35 41 39.0
35 42 53.2
35 43 59.4
35 44 66.8
35 45 67.8
35 46 61.4
35 47 63.3
35 48 57.0
35 49 52.0
35 50 60.4
35 51 19.6
36 0 41.0
36 1 41.0
36 2 27.2
36 3 55.5
36 4 21.5
36 5 45.7
36 6 59.4
36 7 51.6
36 8 45.5
36 9 57.3
36 10 9.4
36 11 33.3
36 12 43.0
36 13 32.6
36 14 51.8
36 15 73.0
36 16 68.4
36 17 69.5
36 18 67.7
36 19 49.7
36 20 48.2
36 21 18.0
36 22 48.4
36 23 57.8
36 24 60.5
36 25 30.0
36 26 45.0
36 27 39.3
36 28 37.5
36 29 35.6
36 30 23.0
36 31 23.5
36 32 34.5
36 33 28.2
36 34 16.4
36 35 10.1
36 36 0.0
36 37 61.2
36 38 62.2
36 39 83.4
36 40 53.0
36 41 46.1
36 42 61.6
36 43 65.8
36 44 73.7
36 45 72.8
36 46 63.0
36 47 63.3
36 48 55.7
36 49 51.6
36 50 57.0
36 51 24.0
37 0 41.4
37 1 41.4
37 2 40.5
37 3 54.2
37 4 55.0
37 5 66.4
37 6 32.6
37 7 37.8
37 8 20.5
37 9 18.7
37 10 53.0
37 11 28.0
37 12 18.6
37 13 54.1
37 14 44.8
37 15 51.6
37 16 61.7
37 17 40.7
37 18 30.1
37 19 26.9
37 20 13.0
37 21 43.2
37 22 58.7
37 23 65.9
37 24 76.3
37 25 67.7
37 26 74.6
37 27 52.4
37 28 38.5
37 29 45.2
37 30 64.5
37 31 38.0
37 32 30.0
37 33 34.2
37 34 51.6
37 35 63.1
37 36 61.2
37 37 0.0
37 38 43.8
37 39 55.0
37 40 75.2
37 41 51.6
37 42 66.4
37 43 52.8
37 44 60.7
37 45 46.8
37 46 22.3
37 47 12.0
37 48 7.2
37 49 13.6
37 50 8.9
37 51 46.8
38 0 21.2
38 1 21.2
38 2 35.8
38 3 15.2
38 4 43.0
38 5 35.0
38 6 11.1
38 7 11.1
38 8 30.0
38 9 25.0
38 10 53.1
38 11 41.2
38 12 45.0
38 13 33.5
38 14 11.1
38 15 11.1
38 16 18.0
38 17 10.0
38 18 18.0
38 19 20.0
38 20 40.3
38 21 51.4
38 22 25.0
38 23 26.9
38 24 38.0
38 25 47.4
38 26 45.0
38 27 26.9
38 28 25.0
38 29 27.0
38 30 49.1
38 31 44.7
38 32 33.8
38 33 51.2
38 34 45.9
38 35 57.0
38 36 62.2
38 37 43.8
38 38 0.0
38 39 21.2
38 40 40.7
38 41 20.6
38 42 25.5
38 43 8.9
38 44 17.2
38 45 10.8
38 46 22.8
38 47 33.2
38 48 37.9
38 49 32.7
38 50 50.0
38 51 38.1
39 0 42.4
39 1 42.4
39 2 56.8
39 3 32.3
39 4 64.0
39 5 52.2
39 6 26.9
39 7 32.0
39 8 47.4
39 9 38.3
39 10 74.3
39 11 60.4
39 12 61.8
39 13 54.0
39 14 32.0
39 15 11.1
39 16 25.0
39 17 15.8
39 18 25.0
39 19 38.0
39 20 55.9
39 21 72.1
39 22 42.7
39 23 40.3
39 24 50.0
39 25 67.0
39 26 61.8
39 27 47.1
39 28 46.0
39 29 48.1
39 30 69.6
39 31 65.1
39 32 53.7
39 33 70.6
39 34 67.1
39 35 78.1
39 36 83.4
39 37 55.0
39 38 21.2
39 39 0.0
39 40 55.4
39 41 40.3
39 42 37.0
39 43 20.2
39 44 18.1
39 45 10.8
39 46 33.0
39 47 43.1
39 48 51.0
39 49 47.6
39 50 63.0
39 51 59.3
40 0 33.9
40 1 33.9
40 2 41.5
40 3 25.4
40 4 33.3
40 5 9.4
40 6 48.4
40 7 39.3
40 8 55.1
40 9 58.8
40 10 48.2
40 11 56.6
40 12 66.4
40 13 25.0
40 14 32.6
40 15 45.0
40 16 30.8
40 17 50.6
40 18 57.8
40 19 48.8
40 20 65.7
40 21 55.0
40 22 17.0
40 23 15.1
40 24 8.6
40 25 23.5
40 26 9.4
40 27 23.4
40 28 37.5
40 29 31.4
40 30 30.2
40 31 52.0
40 32 49.4
40 33 62.2
40 34 40.6
40 35 43.2
40 36 53.0
40 37 75.2
40 38 40.7
40 39 55.4
40 40 0.0
40 41 23.8
40 42 18.6
40 43 36.0
40 44 38.0
40 45 49.0
40 46 59.9
40 47 68.2
40 48 68.1
40 49 61.7
40 50 77.7
40 51 37.3
41 0 11.1
41 1 11.1
41 2 24.0
41 3 9.4
41 4 25.0
41 5 15.8
41 6 25.4
41 7 15.8
41 8 32.0
41 9 34.9
41 10 38.0
41 11 36.4
41 12 44.7
41 13 14.1
41 14 10.0
41 15 29.1
41 16 22.3
41 17 30.4
41 18 35.3
41 19 25.0
41 20 43.0
41 21 40.3
41 22 7.0
41 23 15.8
41 24 25.0
41 25 26.9
41 26 25.4
41 27 7.0
41 28 15.8
41 29 12.0
41 30 29.4
41 31 35.0
41 32 28.4
41 33 44.2
41 34 29.9
41 35 39.0
41 36 46.1
41 37 51.6
41 38 20.6
41 39 40.3
41 40 23.8
41 41 0.0
41 42 18.1
41 43 20.6
41 44 27.8
41 45 31.0
41 46 36.4
41 47 44.4
41 48 44.5
41 49 38.1
41 50 54.8
41 51 23.0
42 0 28.8
42 1 28.8
42 2 42.0
42 3 12.2
42 4 40.1
42 5 18.3
42 6 35.4
42 7 28.6
42 8 48.3
42 9 48.1
42 10 54.5
42 11 54.3
42 12 62.0
42 13 29.1
42 14 21.6
42 15 27.1
42 16 12.1
42 17 34.5
42 18 43.5
42 19 39.6
42 20 59.4
42 21 58.0
42 22 13.3
42 23 4.2
42 24 13.1
42 25 36.2
42 26 26.4
42 27 23.1
42 28 33.7
42 29 30.0
42 30 41.3
42 31 53.0
42 32 46.3
42 33 62.3
42 34 46.3
42 35 53.2
42 36 61.6
42 37 66.4
42 38 25.5
42 39 37.0
42 40 18.6
42 41 18.1
42 42 0.0
42 43 18.6
42 44 19.4
42 45 31.7
42 46 47.5
42 47 57.2
42 48 59.6
42 49 53.5
42 50 70.8
42 51 40.3
43 0 25.4
43 1 25.4
43 2 40.7
43 3 12.0
43 4 45.2
43 5 32.0
43 6 20.1
43 7 18.0
43 8 38.2
43 9 34.0
43 10 57.1
43 11 48.3
43 12 53.1
43 13 34.7
43 14 14.3
43 15 9.2
43 16 9.2
43 17 16.1
43 18 26.1
43 19 28.2
43 20 48.8
43 21 57.0
43 22 22.4
43 23 21.0
43 24 31.7
43 25 47.0
43 26 41.7
43 27 27.6
43 28 30.0
43 29 30.2
43 30 50.0
43 31 50.5
43 32 40.6
43 33 58.0
43 34 49.4
43 35 59.4
43 36 65.8
43 37 52.8
43 38 8.9
43 39 20.2
43 40 36.0
43 41 20.6
43 42 18.6
43 43 0.0
43 44 9.0
43 45 13.1
43 46 31.6
43 47 42.1
43 48 46.8
43 49 41.4
43 50 58.8
43 51 41.8
44 0 34.1
44 1 34.1
44 2 49.3
44 3 18.4
44 4 52.8
44 5 36.2
44 6 28.1
44 7 27.0
44 8 47.0
44 9 42.0
44 10 65.3
44 11 57.4
44 12 62.0
44 13 41.8
44 14 23.0
44 15 10.6
44 16 7.2
44 17 21.4
44 18 32.4
44 19 37.1
44 20 57.5
44 21 65.7
44 22 27.8
44 23 23.0
44 24 32.0
44 25 52.8
44 26 45.3
44 27 34.8
44 28 38.8
44 29 38.4
44 30 56.5
44 31 59.4
44 32 49.6
44 33 67.0
44 34 57.4
44 35 66.8
44 36 73.7
44 37 60.7
44 38 17.2
44 39 18.1
44 40 38.0
44 41 27.8
44 42 19.4
44 43 9.0
44 44 0.0
44 45 16.2
44 46 38.9
44 47 49.6
44 48 55.0
44 49 50.0
44 50 67.1
44 51 50.1
45 0 31.8
45 1 31.8
45 2 46.0
45 3 24.1
45 4 53.8
45 5 44.4
45 6 16.4
45 7 21.2
45 8 37.1
45 9 29.0
45 10 63.6
45 11 49.7
45 12 51.7
45 13 44.2
45 14 21.9
45 15 5.6
45 16 21.0
45 17 6.0
45 18 17.0
45 19 27.5
45 20 46.1
45 21 61.2
45 22 34.5
45 23 34.2
45 24 44.9
45 25 57.9
45 26 54.3
45 27 37.5
45 28 35.3
45 29 37.8
45 30 59.9
45 31 54.3
45 32 42.9
45 33 60.0
45 34 56.6
45 35 67.8
45 36 72.8
45 37 46.8
45 38 10.8
45 39 10.8
45 40 49.0
45 41 31.0
45 42 31.7
45 43 13.1
45 44 16.2
45 45 0.0
45 46 24.5
45 47 35.1
45 48 42.1
45 49 38.0
45 50 54.2
45 51 48.8
46 0 29.1
46 1 29.1
46 2 36.6
46 3 35.8
46 4 49.4
46 5 52.2
46 6 12.0
46 7 20.6
46 8 18.4
46 9 6.4
46 10 53.7
46 11 32.5
46 12 30.4
46 13 44.1
46 14 27.2
46 15 29.4
46 16 40.8
46 17 18.4
46 18 8.0
46 19 14.1
46 20 23.7
46 21 47.4
46 22 42.9
46 23 48.0
46 24 59.0
46 25 59.0
46 26 61.6
46 27 39.8
46 28 29.0
46 29 35.0
46 30 58.1
46 31 40.4
46 32 28.6
46 33 42.4
46 34 49.0
46 35 61.4
46 36 63.0
46 37 22.3
46 38 22.8
46 39 33.0
46 40 59.9
46 41 36.4
46 42 47.5
46 43 31.6
46 44 38.9
46 45 24.5
46 46 0.0
46 47 10.7
46 48 18.1
46 49 15.6
46 50 30.0
46 51 41.9
47 0 35.4
47 1 35.4
47 2 39.0
47 3 45.2
47 4 53.0
47 5 59.9
47 6 22.2
47 7 29.2
47 8 18.1
47 9 9.4
47 10 54.3
47 11 30.4
47 12 24.7
47 13 49.7
47 14 36.2
47 15 40.1
47 16 51.3
47 17 29.1
47 18 18.2
47 19 19.6
47 20 17.6
47 21 46.2
47 22 51.3
47 23 57.3
47 24 68.2
47 25 64.3
47 26 68.9
47 27 46.6
47 28 33.9
47 29 40.5
47 30 62.2
47 31 39.8
47 32 29.2
47 33 39.1
47 34 51.1
47 35 63.3
47 36 63.3
47 37 12.0
47 38 33.2
47 39 43.1
47 40 68.2
47 41 44.4
47 42 57.2
47 43 42.1
47 44 49.6
47 45 35.1
47 46 10.7
47 47 0.0
47 48 10.0
47 49 11.7
47 50 20.3
47 51 45.0
48 0 34.2
48 1 34.2
48 2 33.7
48 3 47.4
48 4 48.2
48 5 59.2
48 6 26.9
48 7 31.0
48 8 13.4
48 9 13.1
48 10 47.1
48 11 22.3
48 12 15.0
48 13 46.9
48 14 38.0
48 15 46.5
48 16 55.5
48 17 36.0
48 18 26.1
48 19 20.0
48 20 8.0
48 21 38.0
48 22 51.6
48 23 59.0
48 24 69.3
48 25 60.7
48 26 67.4
48 27 45.2
48 28 31.3
48 29 38.0
48 30 57.7
48 31 32.2
48 32 23.3
48 33 29.9
48 34 45.1
48 35 57.0
48 36 55.7
48 37 7.2
48 38 37.9
48 39 51.0
48 40 68.1
48 41 44.5
48 42 59.6
48 43 46.8
48 44 55.0
48 45 42.1
48 46 18.1
48 47 10.0
48 48 0.0
48 49 6.4
48 50 12.1
48 51 40.0
49 0 27.8
49 1 27.8
49 2 28.1
49 3 41.3
49 4 42.5
49 5 52.8
49 6 22.0
49 7 25.0
49 8 7.2
49 9 9.4
49 10 42.7
49 11 18.7
49 12 14.7
49 13 40.7
49 14 31.9
49 15 42.0
49 16 49.9
49 17 32.1
49 18 23.4
49 19 13.8
49 20 8.2
49 21 34.5
49 22 45.2
49 23 52.8
49 24 63.0
49 25 54.7
49 26 61.0
49 27 38.8
49 28 25.0
49 29 31.7
49 30 51.9
49 31 28.1
49 32 18.0
49 33 27.8
49 34 40.0
49 35 52.0
49 36 51.6
49 37 13.6
49 38 32.7
49 39 47.6
49 40 61.7
49 41 38.1
49 42 53.5
49 43 41.4
49 44 50.0
49 45 38.0
49 46 15.6
49 47 11.7
49 48 6.4
49 49 0.0
49 50 17.4
49 51 34.3
50 0 43.9
50 1 43.9
50 2 39.8
50 3 58.6
50 4 54.1
50 5 68.5
50 6 39.0
50 7 42.4
50 8 22.8
50 9 25.3
50 10 49.6
50 11 25.2
50 12 14.3
50 13 55.0
50 14 49.2
50 15 58.6
50 16 67.4
50 17 48.1
50 18 38.0
50 19 31.3
50 20 12.0
50 21 39.1
50 22 61.8
50 23 69.8
50 24 79.8
50 25 67.6
50 26 76.0
50 27 54.4
50 28 40.3
50 29 46.7
50 30 63.5
50 31 34.9
50 32 29.6
50 33 29.0
50 34 49.6
50 35 60.4
50 36 57.0
50 37 8.9
50 38 50.0
50 39 63.0
50 40 77.7
50 41 54.8
50 42 70.8
50 43 58.8
50 44 67.1
50 45 54.2
50 46 30.0
50 47 20.3
50 48 12.1
50 49 17.4
50 50 0.0
50 51 46.0
51 0 16.9
51 1 16.9
51 2 6.3
51 3 32.3
51 4 8.2
51 5 28.1
51 6 36.2
51 7 27.8
51 8 27.1
51 9 37.2
51 10 15.2
51 11 21.4
51 12 32.4
51 13 12.3
51 14 27.8
51 15 48.9
51 16 45.3
51 17 45.8
51 18 45.3
51 19 27.8
51 20 34.5
51 21 18.1
51 22 27.0
51 23 37.0
51 24 42.7
51 25 21.6
51 26 32.4
51 27 17.1
51 28 13.8
51 29 11.6
51 30 17.7
51 31 14.7
51 32 16.7
51 33 25.0
51 34 7.8
51 35 19.6
51 36 24.0
51 37 46.8
51 38 38.1
51 39 59.3
51 40 37.3
51 41 23.0
51 42 40.3
51 43 41.8
51 44 50.1
51 45 48.8
51 46 41.9
51 47 45.0
51 48 40.0
51 49 34.3
51 50 46.0
51 51 0.0
