#nbCustomers
25
#nbParkings
1
#nbCentralDepots
1
#nbVehicles
4
#nbProducts
1
#parking info (nk ep lp)
4 0 1000
#central depot info(ed, ld, waittingTime, loadingTimeperUnit)
0 1000 0 0
#vehicle info(ek, lk, ck lower, ck upper, qk, costRate)
0 1000 0 1000 1 1
0 1000 0 1000 1 1
0 1000 0 1000 1 1
0 1000 0 1000 1 1
#weight of products (wp)
1
#customer demand (quantity, quantity, quantity,... nbProducts)
10
7
13
19
26
3
5
9
16
16
12
19
23
20
8
19
2
12
17
9
11
18
29
3
6
#customer info(ei, li, waittingTime, unloadingTimePerUnit)
0 974 10 0
0 972 10 0
0 967 10 0
678 801 10 0
0 969 10 0
415 514 10 0
0 968 10 0
404 481 10 0
400 497 10 0
577 632 10 0
206 325 10 0
0 975 10 0
690 827 10 0
32 243 10 0
175 300 10 0
272 373 10 0
733 870 10 0
377 434 10 0
269 378 10 0
581 666 10 0
0 971 10 0
409 494 10 0
206 325 10 0
704 847 10 0
817 956 10 0
#vehicle - product (restrictly bkp) = 1: vh can carry
1
1
1
1
#vehicles - customer (restrictly rki) = 1: vh can go to cus
1 1 1 1 1 1 1 1 1 1 1 1 1 1 1 1 1 1 1 1 1 1 1 1 1
1 1 1 1 1 1 1 1 1 1 1 1 1 1 1 1 1 1 1 1 1 1 1 1 1
1 1 1 1 1 1 1 1 1 1 1 1 1 1 1 1 1 1 1 1 1 1 1 1 1
1 1 1 1 1 1 1 1 1 1 1 1 1 1 1 1 1 1 1 1 1 1 1 1 1
#vehicle - remain customers = 1: remain
0 0 0 0 0 0 0 0 0 0 0 0 0 0 0 0 0 0 0 0 0 0 0 0 0
0 0 0 0 0 0 0 0 0 0 0 0 0 0 0 0 0 0 0 0 0 0 0 0 0
0 0 0 0 0 0 0 0 0 0 0 0 0 0 0 0 0 0 0 0 0 0 0 0 0
0 0 0 0 0 0 0 0 0 0 0 0 0 0 0 0 0 0 0 0 0 0 0 0 0
#travel time matrix:[from to travelTime]
729
0 0 0.0
0 1 0.0
0 2 15.2
0 3 18.0
0 4 22.3
0 5 25.0
0 6 20.6
0 7 11.1
0 8 21.2
0 9 26.2
0 10 32.0
0 11 25.4
0 12 33.5
0 13 15.0
0 14 11.1
0 15 32.0
0 16 30.4
0 17 29.1
0 18 30.4
0 19 15.8
0 20 32.0
0 21 31.6
0 22 18.0
0 23 26.9
0 24 36.0
0 25 30.0
0 26 33.5
1 0 0.0
1 1 0.0
1 2 15.2
1 3 18.0
1 4 22.3
1 5 25.0
1 6 20.6
1 7 11.1
1 8 21.2
1 9 26.2
1 10 32.0
1 11 25.4
1 12 33.5
1 13 15.0
1 14 11.1
1 15 32.0
1 16 30.4
1 17 29.1
1 18 30.4
1 19 15.8
1 20 32.0
1 21 31.6
1 22 18.0
1 23 26.9
1 24 36.0
1 25 30.0
1 26 33.5
2 0 15.2
2 1 15.2
2 2 0.0
2 3 32.5
2 4 14.5
2 5 32.2
2 6 32.2
2 7 24.8
2 8 21.0
2 9 31.5
2 10 17.8
2 11 15.5
2 12 26.4
2 13 16.6
2 14 26.4
2 15 46.8
2 16 45.3
2 17 42.4
2 18 40.7
2 19 22.8
2 20 28.2
2 21 16.4
2 22 29.2
2 23 39.2
2 24 46.1
2 25 27.7
2 26 37.6
3 0 18.0
3 1 18.0
3 2 32.5
3 3 0.0
3 4 34.4
3 5 20.2
3 6 23.8
3 7 16.4
3 8 36.2
3 9 36.0
3 10 47.4
3 11 43.2
3 12 50.2
3 13 23.4
3 14 9.4
3 15 21.1
3 16 13.0
3 17 25.1
3 18 32.6
3 19 27.4
3 20 47.4
3 21 49.0
3 22 10.4
3 23 12.2
3 24 23.3
3 25 34.9
3 26 30.1
4 0 22.3
4 1 22.3
4 2 14.5
4 3 34.4
4 4 0.0
4 5 25.0
4 6 42.7
4 7 33.5
4 8 35.3
4 9 45.0
4 10 15.0
4 11 29.1
4 12 40.3
4 13 11.1
4 14 32.0
4 15 53.1
4 16 47.1
4 17 51.4
4 18 52.2
4 19 35.3
4 20 42.7
4 21 22.3
4 22 26.9
4 23 36.4
4 24 40.0
4 25 14.1
4 26 26.9
5 0 25.0
5 1 25.0
5 2 32.2
5 3 20.2
5 4 25.0
5 5 0.0
5 6 41.2
5 7 31.6
5 8 46.0
5 9 50.5
5 10 40.0
5 11 47.1
5 12 57.0
5 13 15.8
5 14 25.4
5 15 41.2
5 16 29.1
5 17 45.0
5 18 50.9
5 19 40.3
5 20 56.5
5 21 46.0
5 22 10.0
5 23 14.1
5 24 15.0
5 25 18.0
5 26 10.0
6 0 20.6
6 1 20.6
6 2 32.2
6 3 23.8
6 4 42.7
6 5 41.2
6 6 0.0
6 7 10.0
6 8 20.6
6 9 13.9
6 10 50.0
6 11 33.5
6 12 35.3
6 13 35.3
6 14 15.8
6 15 20.0
6 16 29.1
6 17 11.1
6 18 10.0
6 19 11.1
6 20 30.0
6 21 46.0
6 22 31.6
6 23 36.0
6 24 47.1
6 25 50.2
6 26 50.9
7 0 11.1
7 1 11.1
7 2 24.8
7 3 16.4
7 4 33.5
7 5 31.6
7 6 10.0
7 7 0.0
7 8 20.6
7 9 19.8
7 10 42.4
7 11 30.4
7 12 35.3
7 13 25.4
7 14 7.0
7 15 22.3
7 16 25.4
7 17 18.0
7 18 20.0
7 19 11.1
7 20 31.6
7 21 40.3
7 22 22.3
7 23 28.2
7 24 39.0
7 25 40.3
7 26 41.2
8 0 21.2
8 1 21.2
8 2 21.0
8 3 36.2
8 4 35.3
8 5 46.0
8 6 20.6
8 7 20.6
8 8 0.0
8 9 12.2
8 10 36.4
8 11 14.1
8 12 15.0
8 13 33.5
8 14 26.9
8 15 40.3
8 16 46.0
8 17 31.6
8 18 25.0
8 19 10.0
8 20 11.1
8 21 29.1
8 22 39.0
8 23 47.1
8 24 57.0
8 25 47.4
8 26 54.0
9 0 26.2
9 1 26.2
9 2 31.5
9 3 36.0
9 4 45.0
9 5 50.5
9 6 13.9
9 7 19.8
9 8 12.2
9 9 0.0
9 10 48.1
9 11 26.2
9 12 24.1
9 13 40.7
9 14 26.9
9 15 33.3
9 16 42.9
9 17 23.0
9 18 13.9
9 19 10.4
9 20 17.7
9 21 41.3
9 22 41.8
9 23 48.1
9 24 58.8
9 25 55.5
9 26 59.6
10 0 32.0
10 1 32.0
10 2 17.8
10 3 47.4
10 4 15.0
10 5 40.0
10 6 50.0
10 7 42.4
10 8 36.4
10 9 48.1
10 10 0.0
10 11 25.0
10 12 35.3
10 13 25.4
10 14 43.0
10 15 64.0
10 16 60.4
10 17 60.2
10 18 58.3
10 19 40.3
10 20 40.0
10 21 11.1
10 22 41.2
10 23 50.9
10 24 55.0
10 25 26.9
10 26 41.2
11 0 25.4
11 1 25.4
11 2 15.5
11 3 43.2
11 4 29.1
11 5 47.1
11 6 33.5
11 7 30.4
11 8 14.1
11 9 26.2
11 10 25.0
11 11 0.0
11 12 11.1
11 13 32.0
11 14 35.0
11 15 52.2
11 16 55.0
11 17 44.7
11 18 39.0
11 19 22.3
11 20 15.0
11 21 15.8
11 22 42.7
11 23 52.2
11 24 60.4
11 25 43.0
11 26 53.1
12 0 33.5
12 1 33.5
12 2 26.4
12 3 50.2
12 4 40.3
12 5 57.0
12 6 35.3
12 7 35.3
12 8 15.0
12 9 24.1
12 10 35.3
12 11 11.1
12 12 0.0
12 13 42.4
12 14 41.2
12 15 55.2
12 16 60.8
12 17 46.0
12 18 38.0
12 19 25.0
12 20 7.0
12 21 25.0
12 22 51.4
12 23 60.4
12 24 69.4
12 25 54.0
12 26 63.6
13 0 15.0
13 1 15.0
13 2 16.6
13 3 23.4
13 4 11.1
13 5 15.8
13 6 35.3
13 7 25.4
13 8 33.5
13 9 40.7
13 10 25.4
13 11 32.0
13 12 42.4
13 13 0.0
13 14 22.3
13 15 43.0
13 16 36.0
13 17 42.7
13 18 45.2
13 19 30.4
13 20 43.0
13 21 30.4
13 22 15.8
13 23 25.4
13 24 30.4
13 25 15.0
13 26 21.2
14 0 11.1
14 1 11.1
14 2 26.4
14 3 9.4
14 4 32.0
14 5 25.4
14 6 15.8
14 7 7.0
14 8 26.9
14 9 26.9
14 10 43.0
14 11 35.0
14 12 41.2
14 13 22.3
14 14 0.0
14 15 21.2
14 16 20.0
14 17 20.6
14 18 25.4
14 19 18.0
14 20 38.0
14 21 42.7
14 22 15.8
14 23 21.2
14 24 32.0
14 25 36.4
14 26 35.3
15 0 32.0
15 1 32.0
15 2 46.8
15 3 21.1
15 4 53.1
15 5 41.2
15 6 20.0
15 7 22.3
15 8 40.3
15 9 33.3
15 10 64.0
15 11 52.2
15 12 55.2
15 13 43.0
15 14 21.2
15 15 0.0
15 16 15.8
15 17 11.1
15 18 22.3
15 19 30.4
15 20 50.0
15 21 62.6
15 22 31.6
15 23 30.0
15 24 40.3
15 25 55.9
15 26 50.9
16 0 30.4
16 1 30.4
16 2 45.3
16 3 13.0
16 4 47.1
16 5 29.1
16 6 29.1
16 7 25.4
16 8 46.0
16 9 42.9
16 10 60.4
16 11 55.0
16 12 60.8
16 13 36.0
16 14 20.0
16 15 15.8
16 16 0.0
16 17 25.0
16 18 35.3
16 19 36.4
16 20 57.0
16 21 61.8
16 22 21.2
16 23 15.8
16 24 25.0
16 25 46.0
16 26 38.0
17 0 29.1
17 1 29.1
17 2 42.4
17 3 25.1
17 4 51.4
17 5 45.0
17 6 11.1
17 7 18.0
17 8 31.6
17 9 23.0
17 10 60.2
17 11 44.7
17 12 46.0
17 13 42.7
17 14 20.6
17 15 11.1
17 16 25.0
17 17 0.0
17 18 11.1
17 19 22.3
17 20 40.3
17 21 57.0
17 22 35.0
17 23 36.4
17 24 47.4
17 25 57.0
17 26 55.0
18 0 30.4
18 1 30.4
18 2 40.7
18 3 32.6
18 4 52.2
18 5 50.9
18 6 10.0
18 7 20.0
18 8 25.0
18 9 13.9
18 10 58.3
18 11 39.0
18 12 38.0
18 13 45.2
18 14 25.4
18 15 22.3
18 16 35.3
18 17 11.1
18 18 0.0
18 19 18.0
18 20 31.6
18 21 53.1
18 22 41.2
18 23 44.7
18 24 55.9
18 25 60.2
18 26 60.8
19 0 15.8
19 1 15.8
19 2 22.8
19 3 27.4
19 4 35.3
19 5 40.3
19 6 11.1
19 7 11.1
19 8 10.0
19 9 10.4
19 10 40.3
19 11 22.3
19 12 25.0
19 13 30.4
19 14 18.0
19 15 30.4
19 16 36.4
19 17 22.3
19 18 18.0
19 19 0.0
19 20 20.6
19 21 35.3
19 22 32.0
19 23 39.0
19 24 49.4
19 25 45.2
19 26 49.2
20 0 32.0
20 1 32.0
20 2 28.2
20 3 47.4
20 4 42.7
20 5 56.5
20 6 30.0
20 7 31.6
20 8 11.1
20 9 17.7
20 10 40.0
20 11 15.0
20 12 7.0
20 13 43.0
20 14 38.0
20 15 50.0
20 16 57.0
20 17 40.3
20 18 31.6
20 19 20.6
20 20 0.0
20 21 30.4
20 22 50.0
20 23 58.3
20 24 68.0
20 25 55.9
20 26 64.0
21 0 31.6
21 1 31.6
21 2 16.4
21 3 49.0
21 4 22.3
21 5 46.0
21 6 46.0
21 7 40.3
21 8 29.1
21 9 41.3
21 10 11.1
21 11 15.8
21 12 25.0
21 13 30.4
21 14 42.7
21 15 62.6
21 16 61.8
21 17 57.0
21 18 53.1
21 19 35.3
21 20 30.4
21 21 0.0
21 22 45.0
21 23 55.0
21 24 60.8
21 25 36.0
21 26 49.2
22 0 18.0
22 1 18.0
22 2 29.2
22 3 10.4
22 4 26.9
22 5 10.0
22 6 31.6
22 7 22.3
22 8 39.0
22 9 41.8
22 10 41.2
22 11 42.7
22 12 51.4
22 13 15.8
22 14 15.8
22 15 31.6
22 16 21.2
22 17 35.0
22 18 41.2
22 19 32.0
22 20 50.0
22 21 45.0
22 22 0.0
22 23 10.0
22 24 18.0
22 25 25.0
22 26 20.0
23 0 26.9
23 1 26.9
23 2 39.2
23 3 12.2
23 4 36.4
23 5 14.1
23 6 36.0
23 7 28.2
23 8 47.1
23 9 48.1
23 10 50.9
23 11 52.2
23 12 60.4
23 13 25.4
23 14 21.2
23 15 30.0
23 16 15.8
23 17 36.4
23 18 44.7
23 19 39.0
23 20 58.3
23 21 55.0
23 22 10.0
23 23 0.0
23 24 11.1
23 25 32.0
23 26 22.3
24 0 36.0
24 1 36.0
24 2 46.1
24 3 23.3
24 4 40.0
24 5 15.0
24 6 47.1
24 7 39.0
24 8 57.0
24 9 58.8
24 10 55.0
24 11 60.4
24 12 69.4
24 13 30.4
24 14 32.0
24 15 40.3
24 16 25.0
24 17 47.4
24 18 55.9
24 19 49.4
24 20 68.0
24 21 60.8
24 22 18.0
24 23 11.1
24 24 0.0
24 25 31.6
24 26 18.0
25 0 30.0
25 1 30.0
25 2 27.7
25 3 34.9
25 4 14.1
25 5 18.0
25 6 50.2
25 7 40.3
25 8 47.4
25 9 55.5
25 10 26.9
25 11 43.0
25 12 54.0
25 13 15.0
25 14 36.4
25 15 55.9
25 16 46.0
25 17 57.0
25 18 60.2
25 19 45.2
25 20 55.9
25 21 36.0
25 22 25.0
25 23 32.0
25 24 31.6
25 25 0.0
25 26 15.0
26 0 33.5
26 1 33.5
26 2 37.6
26 3 30.1
26 4 26.9
26 5 10.0
26 6 50.9
26 7 41.2
26 8 54.0
26 9 59.6
26 10 41.2
26 11 53.1
26 12 63.6
26 13 21.2
26 14 35.3
26 15 50.9
26 16 38.0
26 17 55.0
26 18 60.8
26 19 49.2
26 20 64.0
26 21 49.2
26 22 20.0
26 23 22.3
26 24 18.0
26 25 15.0
26 26 0.0
